0.96	1.2509509040408877	1.5433718299509493
0.97	1.68124			1.74958
0.98	1.9748684366541516	1.868775787431746
0.99	2.2313203069890055	1.9617371840524387
1.	2.4683916114676516	2.0398580773544563
1.01	2.6932086698755917	2.10789715436824
1.02	2.9094591504004033	2.16841897226774
1.03	3.119338075324493	2.223010967554405
1.04	3.32428			2.27275
1.05	3.5252654013536953	2.318397546451085
1.06	3.723031395936023	2.3605446252229845
1.07	3.9181216045288014	2.3996399321070743
1.08	4.110963439403347	2.436045230633269
1.0899999999999999	4.301898705620987	2.4700563391760757
1.1	4.491206524482638	2.5019195013956916
1.1099999999999999	4.679118917030302	2.531842750856671
1.1199999999999999	4.8658317203162	2.5600040425497608
1.13	5.051512433293876	2.586557223155326
1.14	5.236305983089186	2.6116365132631305
1.15	5.42033904661792	2.635359938470393
1.16	5.603723346129314	2.6578320011255983
1.17	5.786558201522173	2.679145792497453
1.18	5.9689325347963305	2.6993846852336265
1.19	6.150926464243258	2.7186237059887794
1.2	6.332612587012572	2.736930660828747
1.21	6.514057021893118	2.7543670670490186
1.22	6.695320265388966	2.7709889316158254
1.23	6.876457900830861	2.786847406775485
1.24	7.057521190638921	2.8019893463225904
1.25	7.238557574813649	2.8164577807957545
1.26	7.419611093522333	2.830292325956849
1.27	7.60072274774626	2.843529535943215
1.28	7.781930809003397	2.856203210209915
1.29	7.963271086904803	2.868344661620298
1.3	8.144777161564857	2.879982951669899
1.31	8.326480586532155	2.8911450977465964
1.3199999999999998	8.50841106684842	2.901856256470967
1.33	8.690596616004308	2.9121398864730526
1.3399999999999999	8.873063694895318	2.9220178934078187
1.35	9.05583733534786	2.931510759562125
1.3599999999999999	9.238941250353792	2.9406376600387865
1.37	9.422397932805165	2.9494165672021144
1.38	9.606228744234949	2.9578643448202024
1.39	9.790453994837096	2.9659968331324595
1.4	9.975093015847026	2.9738289258983572
1.41	10.160164225204305	2.9813746403386214
1.42	10.34568518728708	2.98864718075813
1.43	10.531672667396888	2.9956589965366414
1.44	10.718142681579673	3.0024218350857894
1.45	10.905110542290705	3.008946790296038
1.46	11.09259090034391	3.015244346933178
1.47	11.28059778353106	3.0213244213890333
1.48	11.469144632247092	3.0271963991435102
1.49	11.658244332417292	3.032869169254157
1.5	11.847909245986584	3.0383511561537127
1.51	12.03815123920086	3.043650349005211
1.52	12.228981708883836	3.0487743288370637
1.53	12.42041160688992	3.0537302936568973
1.54	12.612451462894645	3.05852508172219
1.5499999999999998	12.805111405665542	3.063165193127331
1.56	12.998401182942692	3.067656809850763
1.5699999999999998	13.192330180043284	3.0720058143914373
1.5799999999999998	13.386907437294948	3.0762178071113557
1.5899999999999999	13.582141666390106	3.0802981223895918
1.5999999999999999	13.778041265746237	3.0842518436833326
1.6099999999999999	13.974614334947788	3.088083817582474
1.6199999999999999	14.171868688339405	3.0917986669364597
1.63	14.369811867832642	3.0954008031248845
1.64	14.568451154983261	3.098894437536961
1.65	14.767793582391585	3.102283592319332
1.66	14.967845944472774	3.105572110446479
1.67	15.168614807640854	3.10876366516334
1.68	15.370106519946205	3.111861768845602
1.69	15.572327220202475	3.114869781319295
1.7	15.775282846637436	3.1177909176779544
1.71	15.978979145097504	3.120628255632431
1.72	16.18342167683514	3.1233847424256984
1.73	16.388615825905102	3.126063201342381
1.74	16.594566806192905	3.12866633784036
1.75	16.801279668100097	3.131196745329926
1.76	17.008759304904075	3.1336569106235768
1.77	17.217010458814286	3.1360492190782807
1.78	17.426037726741217	3.138375959450054
1.79	17.63584556579512	3.1406393284793466
1.7999999999999998	17.8464382985299	3.1428414352244243
1.81	18.057820117946754	3.144984305158612
1.8199999999999998	18.26999509227036	3.147069884046126
1.83	18.482967169510918	3.1491000416102635
1.8399999999999999	18.696740181822705	3.1510765750066
1.8499999999999999	18.91131784967128	3.153001212113151
1.8599999999999999	19.126703785818478	3.154875614648443
1.8699999999999999	19.342901499135017	3.1567013811278137
1.88	19.559914398250296	3.158480049667532
1.89	19.77774579504684	3.1602131006456506
1.9	19.99639890800806	3.161901959227972
1.91	20.215876865425855	3.1635479977668535
1.92	20.436182708476522	3.165152538080275
1.93	20.657319394169722	3.1667168536178125
1.94	20.879289798177624	3.1682421715199984
1.95	21.102096717550634	3.169729674577063
1.96	21.325742873323357	3.1711805030925295
1.97	21.550230913018268	3.1725957566570524
1.98	21.775563413049927	3.1739764958372927
1.99	22.001742881035423	3.1753237437845088
2.	22.228771758015455	3.1766384877671956
2.01	22.456652420589574	3.177921680631807
2.02	22.68538718297006	3.1791742421954163
2.03	22.914978298957205	3.180397060573861
2.04	23.145427963841335	3.181590993448858
2.05	23.376738316232462	3.182756869277125
2.06	23.60891143982268	3.1838954884446333
2.07	23.841949365082925	3.1850076243687173
2.08	24.075854070898433	3.186094024550801
2.09	24.31062748614355	3.187155411582139
2.1	24.546271491200326	3.188192484105013
2.11	24.782787919422265	3.1892059177315923
2.12	25.02017855854568	3.1901963659225547
2.13	25.25844515205126	3.1911644608274683
2.1399999999999997	25.497589400477228	3.1921108140888115
2.15	25.737612962686896	3.193036017611405
2.16	25.978517457091705	3.193940644298924
2.17	26.22030446283195	3.1948252487591065
2.1799999999999997	26.46297552091723	3.1956903679791067
2.19	26.706532135327276	3.1965365219724893
2.1999999999999997	26.950975774075975	3.1973642143991445
2.21	27.1963078702387	3.1981739331594135
2.2199999999999998	27.44252982294604	3.198966150963684
2.23	27.689642998343007	3.1997413258784837
2.2399999999999998	27.93764873051781	3.2004999018503226
2.25	28.186548322398597	3.2012423092081295
2.26	28.43634304662168	3.201968965145408
2.27	28.68703414637088	3.2026802741829705
2.28	28.938622836189488	3.203376628613097
2.29	29.191110302766504	3.2040584089260618
2.3	29.444497705696882	3.204725984219683
2.31	29.698786178217883	3.205379712592775
2.32	29.953976827921874	3.2060199415231176
2.33	30.210070737446674	3.2066470082307177
2.34	30.467068965143614	3.2072612400269005
2.35	30.724972545725425	3.2078629546499493
2.36	30.983782490893194	3.2084524605878335
2.37	31.243499789944554	3.2090300573885595
2.38	31.504125410362267	3.2095960359587226
2.39	31.765660298385686	3.2101506788507432
2.4	32.02810537956334	3.2106942605392343
2.41	32.291461559290674	3.211227047687052
2.42	32.555729723329634	3.211749299401358
2.43	32.82091073831331	3.212261267480164
2.44	33.087005452236006	3.21276319664979
2.45	33.35401469492769	3.2132553247935096
2.46	33.621939278514816	3.213737883171881
2.47	33.89077999786757	3.214211096634978
2.48	34.16053763103381	3.21467518382694
2.49	34.43121293966048	3.215130357383123
2.5	34.70280666940219	3.215576824120133
2.5100000000000002	34.975319550318765	3.216014785219066
2.52	35.24875229726012	3.216444436402197
2.5300000000000002	35.5231056102417	3.2168659681034093
2.54	35.79838017480742	3.21727956563257
2.5500000000000003	36.0745766623836	3.21768540933414
2.56	36.35169573062148	3.218083674740195
2.5700000000000003	36.62973802373209	3.218474532718161
2.58	36.908704172809074	3.2188581496133257
2.5900000000000003	37.18859479614476	3.21923468738651
2.6	37.46941049953623	3.219604303746939
2.6100000000000003	37.7511518765827	3.2199671522805544
2.62	38.033819508975846	3.220323382573985
2.63	38.31741396678037	3.220673140334235
2.64	38.60193580870867	3.2210165675043747
2.6500000000000004	38.8873855823867	3.2213538023752983
2.66	39.17376382461328	3.2216849796937335
2.67	39.461071061611904	3.2220102307666214
2.68	39.74930780927612	3.222329683562042
2.69	40.03847457340806	3.222643462806772
2.7	40.32857184995067	3.2229516900806274
2.71	40.619600125214	3.2232544839076946
2.72	40.91155987609474	3.2235519598445603
2.73	41.20445157029073	3.223844230565675
2.74	41.498275666509656	3.2241314059459456
2.75	41.79303261467147	3.2244135931406164
2.7600000000000002	42.08872285610695	3.224690896662611
2.77	42.3853468237494	3.224963418457363
2.7800000000000002	42.68290494232319	3.2252312579752607
2.79	42.981397628525585	3.2254945122417795
2.8000000000000003	43.28082529120524	3.2257532759253746
2.81	43.5811883315355	3.226007641403248
2.8200000000000003	43.8824871431837	3.2262576988250173
2.83	44.184722112475036	3.226503536174388
2.84	44.48789361855416	3.2267452393289178
2.8499999999999996	44.79200203354075	3.2269828921178876
2.86	45.09704772268238	3.227216576378391
2.8699999999999997	45.40303104450351	3.2274463720096933
2.88	45.70995235094935	3.227672357025889
2.8899999999999997	46.017811987528425	3.2278946076069714
2.9	46.32661029344983	3.2281131981483333
2.9099999999999997	46.6363476017576	3.2283282013087375
2.92	46.94702423946189	3.228539688056848
2.9299999999999997	47.25864052766685	3.2287477277163577
2.94	47.57119678169521	3.228952388009725
2.9499999999999997	47.88469331121036	3.2291537351006534
2.96	48.19913042033467	3.2293518336352274
2.9699999999999998	48.514508407765625	3.2295467467818737
2.98	48.83082756688848	3.229738536270113
2.9899999999999998	49.1480881858874	3.2299272624281787
3.	49.466290547852	3.2301129842194882
3.01	49.785434930883575	3.2302957592781016
3.02	50.105521608196995	3.2304756439430773
3.03	50.42655084822083	3.230652693291873
3.04	50.74852291469604	3.2308269611727445
3.05	51.07143806677014	3.2309985002362174
3.06	51.395296559091925	3.231167361965656
3.07	51.72009864190102	3.231333596706925
3.08	52.04584456111801	3.2314972536972304
3.09	52.372534558430665	3.2316583810931148
3.0999999999999996	52.700168871379304	3.23181702599767
3.11	53.028747733438834	3.2319732344869534
3.12	53.358271374100894	3.2321270516356844
3.13	53.688740018951975	3.232278521542188
3.1399999999999997	54.020153889751015	3.232427687352657
3.15	54.352513204505506	3.232574591284736
3.1599999999999997	54.685818177544455	3.2327192746504103
3.17	55.020069019591276	3.232861777878319
3.1799999999999997	55.355265937833785	3.2330021405353815
3.19	55.69140913599328	3.233140401347871
3.1999999999999997	56.028498814391945	3.2332765982218943
3.21	56.36653517001949	3.233410768263319
3.2199999999999998	56.70551839659583	3.233542947797108
3.23	57.04544868463576	3.233673172386199
3.2399999999999998	57.386326221509705	3.2338014768498122
3.25	57.728151191503905	3.2339278952812776
3.26	58.07092377587957	3.234052461065394
3.27	58.414644152930585	3.2341752068953085
3.28	58.75931249803942	3.234296164788932
3.29	59.104928983732705	3.23441536610494
3.3	59.451493779734854	3.2345328415583214
3.31	59.799007053020624	3.2346486212355234
3.32	60.14746896786701	3.2347627346091947
3.33	60.49687968590411	3.234875210552553
3.34	60.84723936616318	3.234986077353331
3.35	61.19854816512681	3.2350953627274133
3.36	61.55080623677464	3.2352030938320593
3.37	61.90401373263054	3.2353092972788264
3.38	62.25817080180748	3.235413999146127
3.39	62.613277591052395	3.235517224991474
3.4	62.96933424478881	3.235618999863399
3.41	63.32634090516029	3.2357193483130753
3.42	63.68429771207114	3.2358182944056306
3.43	64.04320480322785	3.2359158617311756
3.44	64.40306231417851	3.236012073415544
3.45	64.763870378352	3.236106952130765
3.46	65.12562912709645	3.2362005201052733
3.47	65.48833868971616	3.2362927991338424
3.48	65.85199919350899	3.236383810587292
3.49	66.21661076380181	3.236473575421921
3.5	66.58217352398555	3.236562114188736
3.5100000000000002	66.94868759555015	3.2366494470424243
3.52	67.316153098118	3.2367355937501014
3.5300000000000002	67.68457014947687	3.236820573699869
3.54	68.05393886561312	3.2369044059091356
3.55	68.42425936074197	3.2369871090327087
3.56	68.79553174733981	3.23706870137076
3.5700000000000003	69.16775613617493	3.237149200876522
3.58	69.5409326363357	3.2372286251638185
3.59	69.915061355262	3.2373069915144326
3.6	70.29014239877219	3.237384316885271
3.61	70.666175871092	3.23746061791535
3.62	71.04316187488169	3.2375359109326296
3.63	71.42110051126409	3.2376102119606838
3.64	71.79999187984947	3.2376835367251853
3.65	72.17983607876276	3.237755900660255
3.66	72.5606332046681	3.2378273189146523
3.67	72.94238335279483	3.2378978063578243
3.68	73.32508661696096	3.237967377585797
3.69	73.70874308959775	3.238036046926939
3.7	74.0933528617728	3.2381038284475756
3.71	74.47891602321316	3.2381707359574876
3.72	74.86543266232869	3.2382367830152674
3.73	75.25290286623317	3.2383019829335407
3.74	75.64132672076649	3.2383663487841
3.75	76.03070431051596	3.238429893402858
3.7600000000000002	76.42103571883783	3.2384926293947705
3.77	76.81232102787685	3.238554569138554
3.78	77.20456031858674	3.2386157247913534
3.7899999999999996	77.59775367074984	3.2386761082932782
3.8	77.99190116299714	3.2387357313718517
3.8099999999999996	78.3870028728266	3.238794605546329
3.82	78.78305887662194	3.2388527421319457
3.8299999999999996	79.18006924967092	3.2389101522440478
3.84	79.57803406618372	3.238966846802141
3.8499999999999996	79.9769533993098	3.239022836533828
3.86	80.37682732115597	3.2390781319786943
3.8699999999999997	80.77765590280237	3.2391327434920547
3.88	81.17943921432096	3.2391866812486705
3.8899999999999997	81.58217732478926	3.2392399552463274
3.9	81.98587030230883	3.2392925753093786
3.9099999999999997	82.3905182140195	3.2393445510921777
3.92	82.79612112611538	3.239395892082455
3.9299999999999997	83.20267910385991	3.23944660760461
3.94	83.6101922116013	3.239496706822927
3.9499999999999997	84.01866051278579	3.239546198744716
3.96	84.42808406997366	3.23959509222341
3.9699999999999998	84.83846294485224	3.239643395961556
3.98	85.2497971982501	3.239691118513775
3.9899999999999998	85.6620868901504	3.239738268289625
4.	86.07533207970519	3.239784853556433
4.01	86.48953282524663	3.2398308824420257
4.02	86.90468918430227	3.239876362937464
4.029999999999999	87.32080121360524	3.239921302899629
4.04	87.73786896910893	3.239965710053842
4.05	88.15589250599687	3.240009591996358
4.06	88.57487187869728	3.240052956196857
4.069999999999999	88.99480714089295	3.2400958100008452
4.08	89.41569834553326	3.2401381606320157
4.09	89.83754554484526	3.240180015194568
4.1	90.26034879034583	3.240221380675468
4.109999999999999	90.68410813285176	3.2402622639466645
4.12	91.10882362249113	3.2403026717672594
4.13	91.53449530871234	3.240342610785614
4.14	91.96112324029698	3.240382087541446
4.1499999999999995	92.3887074653682	3.2404211084678494
4.16	92.81724803140114	3.240459679893285
4.17	93.24674498523329	3.240497808043539
4.18	93.67719837307277	3.240535499043606
4.1899999999999995	94.10860824051107	3.240572758919597
4.2	94.54097463252765	3.240609593600511
4.21	94.97429759350301	3.2406460089200766
4.22	95.40857716722707	3.24068201061849
4.2299999999999995	95.84381339690619	3.240717604344113
4.24	96.28000632517357	3.24075279565517
4.25	96.71715599409774	3.2407875900213994
4.26	97.15526244519026	3.240821992825655
4.27	97.59432571941419	3.2408560093654835
4.28	98.03434585719343	3.240889644854691
4.29	98.47532289841864	3.2409229044248318
4.3	98.91725688245707	3.2409557931267168
4.31	99.36014784815902	3.240988315931846
4.32	99.80399583386613	3.2410204777338563
4.33	100.24880087741879	3.2410522833499047
4.34	100.69456301616312	3.2410837375220254
4.35	101.14128228695847	3.241114844918496
4.36	101.58895872618514	3.2411456101351326
4.37	102.03759236975017	3.241176037696583
4.38	102.48718325309505	3.2412061320575813
4.39	102.93773141120256	3.2412358976041995
4.4	103.38923687860252	3.2412653386550314
4.41	103.84169968938016	3.2412944594624196
4.42	104.29511987718051	3.2413232642135794
4.43	104.74949747521582	3.241351757031764
4.44	105.20483251627174	3.2413799419773746
4.45	105.66112503271358	3.241407823049068
4.46	106.11837505649139	3.2414354041848052
4.47	106.57658261914746	3.241462689262932
4.48	107.03574775182112	3.2414896821031998
4.49	107.49587048525458	3.2415163864677874
4.5	107.95695084979813	3.241542806062266
4.51	108.41898887541713	3.2415689445366196
4.52	108.88198459169656	3.241594805486161
4.53	109.34593802784617	3.2416203924524902
4.54	109.81084921270599	3.2416457089243926
4.55	110.27671817475152	3.2416707583387625
4.56	110.74354494210023	3.24169554408148
4.57	111.21132954251335	3.241720069488259
4.58	111.68007200340452	3.241744337845526
4.59	112.14977235184232	3.2417683523912326
4.6	112.6204306145559	3.2417921163156826
4.61	113.09204681793963	3.2418156327623384
4.62	113.56462098805746	3.241838904828587
4.63	114.03815315064801	3.24186193556654
4.64	114.5126433311291	3.2418847279837815
4.65	114.9880915546017	3.2419072850440958
4.66	115.46449784585414	3.2419296096682166
4.67	115.94186222936811	3.241951704734544
4.68	116.42018472932016	3.2419735730798216
4.69	116.8994653695882	3.241995217499853
4.7	117.37970417375466	3.242016640750168
4.71	117.8609011651107	3.2420378455466867
4.720000000000001	118.3430563666601	3.242058834566364
4.73	118.82616980112233	3.242079610447839
4.74	119.31024149093938	3.242100175792065
4.750000000000001	119.79527145827541	3.242120533162911
4.760000000000001	120.28125972502367	3.2421406850877776
4.7700000000000005	120.76820631280893	3.242160634058192
4.78	121.2561112429912	3.242180382530379
4.790000000000001	121.74497453666919	3.2421999329258453
4.800000000000001	122.23479621468486	3.242219287631942
4.8100000000000005	122.7255762976248	3.242238449002398
4.82	123.21731480582596	3.242257419357877
4.830000000000001	123.71001175937786	3.2422762009865207
4.840000000000001	124.20366717812415	3.242294796144423
4.8500000000000005	124.6982810816717	3.24231320705622
4.86	125.19385348938557	3.242331435915503
4.870000000000001	125.69038442039944	3.24234948488539
4.880000000000001	126.18787389361376	3.242367356098962
4.890000000000001	126.6863219277033	3.242385051659776
4.9	127.18572854111389	3.242402573642285
4.910000000000001	127.68609375207312	3.242419924092346
4.920000000000001	128.18741757858692	3.2424371050276513
4.930000000000001	128.6897000384463	3.242454118438176
4.94	129.19294114922738	3.2424709662865916
4.950000000000001	129.69714092829605	3.242487650508732
4.960000000000001	130.20229939281114	3.242504173013984
4.970000000000001	130.708416559726	3.242520535685723
4.98	131.21549244579074	3.2425367403816936
4.99	131.7235270675562	3.2425527889344274
5.000000000000001	132.23252044137627	3.242568683151632
5.010000000000001	132.74247258340932	3.242584424816567
5.0200000000000005	133.25338350962238	3.242600015688427
5.03	133.76525323579202	3.242615457502717
5.040000000000001	134.27808177750921	3.2426307519716158
5.050000000000001	134.7918691501782	3.2426459007843276
5.0600000000000005	135.30661536902184	3.242660905607436
5.07	135.82232044908307	3.242675768085271
5.080000000000001	136.3389844052274	3.2426904898402173
5.090000000000001	136.8566072521438	3.2427050724730657
5.1000000000000005	137.3751890043493	3.24271951756335
5.11	137.8947296761889	3.2427338266696455
5.120000000000001	138.41522928184006	3.2427480013299133
5.130000000000001	138.936687835313	3.242762043061803
5.140000000000001	139.45910535045303	3.242775953362944
5.15	139.98248184094402	3.242789733711274
5.160000000000001	140.5068173203087	3.2428033855653133
5.170000000000001	141.03211180191244	3.2428169103644753
5.180000000000001	141.5583652989634	3.2428303095293276
5.19	142.08557782451635	3.2428435844619043
5.2	142.6137493914729	3.2428567365459613
5.21	143.1428800125852	3.2428697671472575
5.220000000000001	143.67296970045578	3.242882677613818
5.23	144.2040184675414	3.242895469276197
5.24	144.7360263261539	3.2429081434477505
5.25	145.26899328846193	3.2429207014248687
5.260000000000001	145.80291936649286	3.24293314448724
5.2700000000000005	146.33780457213558	3.2429454738981023
5.28	146.87364891713943	3.242957690904465
5.29	147.41045241311974	3.24296979673737
5.300000000000001	147.94821507155706	3.242981792612113
5.3100000000000005	148.48693690379852	3.2429936797284764
5.32	149.0266179210609	3.2430054592709485
5.33	149.56725813443165	3.2430171324089616
5.340000000000001	150.1088575548715	3.2430287002971077
5.3500000000000005	150.65141619321244	3.2430401640753304
5.36	151.19493406016534	3.2430515248691814
5.37	151.73941116631477	3.2430627837899784
5.380000000000001	152.28484752212577	3.2430739419350503
5.390000000000001	152.8312431379436	3.2430850003879277
5.4	153.37859802399322	3.2430959602185228
5.41	153.92691219038355	3.243106822483346
5.420000000000001	154.47618564710865	3.243117588225706
5.430000000000001	155.02641840404672	3.243128258475859
5.44	155.57761047096372	3.243138834251237
5.45	156.129761857515	3.2431493165566136
5.460000000000001	156.68287257324502	3.243159706384283
5.470000000000001	157.23694262758923	3.243170004714233
5.48	157.7919720298765	3.2431802125143374
5.49	158.3479607893283	3.2431903307405023
5.5	158.90490891506255	3.2432003603368567
5.510000000000001	159.4628164160931	3.24321030223591
5.5200000000000005	160.0216833013305	3.2432201573587105
5.53	160.58150957958577	3.2432299266150153
5.54	161.14229525956947	3.243239610903446
5.550000000000001	161.70404034989312	3.2432492111116407
5.5600000000000005	162.26674485907068	3.2432587281164142
5.57	162.8304087955207	3.243268162783902
5.58	163.39503216756495	3.2432775159697074
5.590000000000001	163.96061498343394	3.243286788519068
5.6000000000000005	164.5271572512616	3.2432959812669657
5.61	165.0946589790934	3.2433050950383047
5.62	165.6631201748814	3.2433141306480127
5.630000000000001	166.2325408464903	3.2433230889012217
5.640000000000001	166.8029210016952	3.2433319705933696
5.65	167.37426064818334	3.2433407765103413
5.66	167.9465597935559	3.243349507428603
5.67	168.51981844532912	3.2433581641153424
5.68	169.09403661093353	3.243366747328574
5.69	169.66921429771813	3.243375257817281
5.7	170.24535151294745	3.243383696321526
5.71	170.8224482638061	3.2433920635725837
5.72	171.40050455739672	3.2434003602930543
5.73	171.97952040074415	3.24340858719698
5.74	172.55949580079323	3.2434167449899696
5.75	173.1404307644113	3.2434248343693
5.76	173.7223252983895	3.243432856024037
5.7700000000000005	174.30517940944245	3.243440810635139
5.78	174.88899310421056	3.2434486988755817
5.79	175.47376638925843	3.243456521410439
5.8	176.05949927107966	3.2434642788970214
5.8100000000000005	176.6461917560933	3.243471971984945
5.82	177.23384385064875	3.2434796013162637
5.83	177.82245556102254	3.2434871675255517
5.84	178.4120268934232	3.243494671240015
5.8500000000000005	179.0025578539894	3.2435021130795825
5.86	179.5940484487919	3.2435094936570024
5.87	180.18649868383181	3.2435168135779313
5.88	180.77990856504678	3.2435240734410478
5.890000000000001	181.3742780983063	3.243531273838128
5.9	181.96960728941562	3.2435384153541387
5.91	182.56589614411462	3.24354549856733
5.92	183.16314466807998	3.2435525240493193
5.93	183.7613528669258	3.2435594923651823
5.94	184.36052074620352	3.2435664040735483
5.95	184.96064831140228	3.2435732597266544
5.96	185.56173556795184	3.2435800598704656
5.97	186.16378252122095	3.243586805044734
5.98	186.76678917651927	3.243593495783075
5.99	187.3707555390965	3.243600132613073
6.	187.97568161414532	3.243606716056327
6.01	188.5815674068008	3.243613246628557
6.0200000000000005	189.18841292214208	3.2436197248396628
6.03	189.79621816518895	3.243626151193797
6.04	190.40498314091062	3.2436325261894607
6.05	191.0147078542172	3.2436388503195457
6.0600000000000005	191.62539230996614	3.243645124071427
6.07	192.23703651296103	3.243651347927031
6.08	192.84964046795304	3.2436575223629016
6.09	193.46320417963906	3.2436636478502616
6.1000000000000005	194.07772765266654	3.2436697248550987
6.11	194.6932108916302	3.2436757538382195
6.12	195.30965390107391	3.243681735255314
6.13	195.92705668549243	3.2436876695570303
6.14	196.54541924932974	3.243693557189027
6.1499999999999995	197.1647415969818	3.243699398592042
6.16	197.78502373279522	3.2437051942019575
6.17	198.40626566106934	3.2437109444498606
6.18	199.02846738605626	3.243716649762093
6.1899999999999995	199.6516289119599	3.2437223105603223
6.2	200.27575024294006	3.2437279272616055
6.21	200.9008313831088	3.243733500278427
6.22	201.52687233653288	3.2437390300187654
6.2299999999999995	202.15387310723548	3.243744516886166
6.24	202.78183369919535	3.24374996127977
6.25	203.41075411634588	3.2437553635943814
6.26	204.04063436257826	3.243760724220526
6.27	204.6714744417417	3.2437660435444973
6.28	205.30327435764056	3.2437713219484015
6.29	205.9360341140403	3.2437765598102364
6.3	206.56975371466194	3.243781757503901
6.31	207.20443316318725	3.243786915399291
6.32	207.84007246325862	3.2437920338623165
6.33	208.47667161847477	3.243797113254953
6.34	209.11423063239755	3.2438021539353077
6.35	209.75274950854902	3.2438071562576605
6.36	210.39222825041233	3.243812120572488
6.37	211.03266686143218	3.243817047226551
6.38	211.67406534501455	3.2438219365628997
6.39	212.3164237045303	3.243826788920952
6.4	212.95974194331035	3.2438316046365094
6.41	213.60402006464983	3.243836384041816
6.42	214.24925807180904	3.2438411274656103
6.43	214.89545596800983	3.2438458352331425
6.4399999999999995	215.54261375644074	3.24385050766624
6.45	216.19073144025344	3.2438551450833386
6.46	216.83980902256658	3.2438597477995232
6.47	217.4898465064627	3.243864316126563
6.4799999999999995	218.14084389499106	3.2438688503729742
6.49	218.79280119116757	3.2438733508440203
6.5	219.44571839797513	3.2438778178417964
6.51	220.099595518362	3.2438822516652235
6.52	220.7544325552463	3.243886652610119
6.53	221.41022951151143	3.2438910209692167
6.54	222.06698639001036	3.243895357032208
6.55	222.7247031935657	3.243899661085786
6.56	223.38337992496636	3.243903933413661
6.57	224.04301658697187	3.2439081742966156
6.58	224.7036131823105	3.2439123840125297
6.59	225.36516971368133	3.243916562836423
6.6	226.02768618375262	3.2439207110404675
6.609999999999999	226.69116259516412	3.2439248288940585
6.619999999999999	227.35559895052472	3.243928916663801
6.63	228.02099525241664	3.2439329746135837
6.64	228.6873515033901	3.2439370030045858
6.6499999999999995	229.35466770597208	3.2439410020953265
6.659999999999999	230.0229438626559	3.243944972141666
6.67	230.692179975912	3.2439489133968777
6.68	231.36237604817998	3.2439528261116446
6.6899999999999995	232.0335320818739	3.243956710534107
6.699999999999999	232.70564807938095	3.243960566909885
6.71	233.37872404306174	3.2439643954821125
6.72	234.0527599752506	3.2439681964914646
6.7299999999999995	234.72775587825504	3.243971970176171
6.739999999999999	235.40371175435794	3.2439757167720784
6.75	236.08062760581674	3.243979436512652
6.76	236.75850343486283	3.2439831296289925
6.77	237.43733924370386	3.243986796349904
6.779999999999999	238.11713503452083	3.2439904369018704
6.79	238.79789080947424	3.2439940515091377
6.8	239.4796065706955	3.243997640393676
6.81	240.16228232029542	3.2440012037752606
6.819999999999999	240.8459180603616	3.244004741871475
6.83	241.5305137929555	3.2440082548977203
6.84	242.21606952011817	3.2440117430672726
6.85	242.9025852438659	3.2440152065912846
6.859999999999999	243.5900609661937	3.244018645678813
6.869999999999999	244.27849668907407	3.2440220605368473
6.88	244.9678924144556	3.244025451370326
6.89	245.65824814426736	3.2440288183821737
6.8999999999999995	246.34956388041513	3.2440321617733114
6.909999999999999	247.04183962478402	3.2440354817426753
6.92	247.73507537923706	3.24403877848725
6.93	248.4292711456175	3.244042052202091
6.9399999999999995	249.12442692574677	3.244045303080339
6.949999999999999	249.82054272142554	3.2440485313132394
6.96	250.51761853443554	3.244051737090181
6.97	251.21565436653606	3.2440549205986824
6.9799999999999995	251.91465021946883	3.2440580820244636
6.989999999999999	252.61460609495552	3.244061221551413
7.	253.3155219946956	3.244064339361641
7.01	254.01739792037296	3.2440674356354897
7.02	254.72023387364916	3.2440705105515537
7.029999999999999	255.42402985616854	3.2440735642866985
7.04	256.1287858695568	3.244076597016079
7.05	256.8345019154208	3.244079608913166
7.06	257.5411779953478	3.2440826001497505
7.07	258.24881411090973	3.2440855708959746
7.08	258.95741026365664	3.244088521320337
7.09	259.66696645512553	3.244091451589738
7.1000000000000005	260.37748268683134	3.244094361869457
7.11	261.08895896027366	3.244097252323201
7.12	261.8013952769361	3.2441001231131232
7.13	262.5147916382821	3.2441029743998038
7.140000000000001	263.22914804576084	3.2441058063423127
7.15	263.94446450080414	3.2441086190982036
7.16	264.66074100482535	3.2441114128235213
7.17	265.3779775592258	3.244114187672846
7.180000000000001	266.09617416538515	3.2441169437992734
7.19	266.8153308246716	3.244119681354467
7.2	267.53544753843556	3.244122400488655
7.21	268.2565243080106	3.2441251013506283
7.220000000000001	268.9785611347175	3.244127784087797
7.23	269.7015580198595	3.244130448846177
7.24	270.4255149647242	3.2441330957704024
7.25	271.15043197058753	3.244135725003769
7.260000000000001	271.8763090387058	3.2441383366882044
7.2700000000000005	272.6031461703241	3.244140930964327
7.28	273.3309433666713	3.2441435079714256
7.29	274.0597006289632	3.244146067847506
7.300000000000001	274.7894179583991	3.244148610729271
7.3100000000000005	275.5200953561662	3.244151136752155
7.32	276.2517328234361	3.2441536460503366
7.33	276.9843303613675	3.244156138756741
7.34	277.7178879711053	3.244158615003071
7.3500000000000005	278.45240565378066	3.2441610749197984
7.36	279.18788341050987	3.244163518636192
7.37	279.9243212423998	3.2441659462803383
7.38	280.66171915053974	3.2441683579791163
7.390000000000001	281.40007713600727	3.244170753858254
7.4	282.13939519986917	3.2441731340423257
7.41	282.87967334317625	3.2441754986547475
7.42	283.6209115669695	3.2441778478178187
7.430000000000001	284.36310987227546	3.2441801816526974
7.44	285.1062682601086	3.244182500279451
7.45	285.8503867314712	3.2441848038170438
7.46	286.59546528735456	3.244187092383349
7.470000000000001	287.3415039287361	3.244189366095171
7.48	288.08850265658236	3.24419162506825
7.49	288.8364614718487	3.2441938694172716
7.5	289.58538037547675	3.244196099255882
7.510000000000001	290.3352593683988	3.2441983146966957
7.5200000000000005	291.08609845153427	3.244200515851305
7.53	291.8378976257924	3.2442027028303
7.54	292.59065689206915	3.2442048757432635
7.55	293.3443762512517	3.244207034698793
7.56	294.0990557042158	3.2442091798045087
7.57	294.8546952518262	3.2442113111670685
7.58	295.6112948949353	3.244213428892156
7.59	296.3688546343874	3.2442155330845206
7.6	297.12737447101284	3.24421762384796
7.61	297.8868544056363	3.24421970128536
7.62	298.64729443906856	3.2442217654986756
7.63	299.40869457210977	3.244223816588942
7.64	300.17105480555364	3.2442258546563187
7.65	300.93437514018007	3.244227879800053
7.66	301.69865557676013	3.2442298921185126
7.67	302.4638961160563	3.2442318917092
7.68	303.23009675882133	3.244233878668744
7.69	303.99725750579523	3.2442358530929205
7.7	304.7653783577127	3.2442378150766604
7.71	305.53445931529563	3.2442397647140484
7.72	306.3045003792588	3.2442417020983454
7.73	307.0755015503073	3.2442436273219943
7.74	307.84746282913534	3.2442455404766077
7.75	308.62038421642995	3.2442474416530094
7.76	309.3942657128691	3.2442493309412206
7.7700000000000005	310.16910731912145	3.244251208430468
7.78	310.9449090358462	3.244253074209207
7.79	311.72167086369615	3.244254928365111
7.8	312.4993928033108	3.2442567709850816
7.8100000000000005	313.27807485532776	3.244258602155281
7.82	314.05771702036964	3.2442604219611058
7.83	314.8383192990554	3.2442622304872093
7.84	315.6198816919929	3.244264027817517
7.85	316.4024041997843	3.2442658140352214
7.86	317.18588682302044	3.2442675892227895
7.87	317.97032956228765	3.244269353461983
7.88	318.7557324181628	3.2442711068338546
7.89	319.5420953912119	3.2442728494187474
7.9	320.3294184819983	3.244274581296317
7.91	321.11770169107467	3.244276302545541
7.92	321.90694501898685	3.244278013244703
7.93	322.69714846627215	3.2442797134714234
7.94	323.4883120334628	3.2442814033026517
7.95	324.2804357210801	3.2442830828146834
7.96	325.07351952964194	3.2442847520831526
7.97	325.8675634596555	3.244286411183056
7.98	326.66256751162206	3.244288060188735
7.99	327.45853168603634	3.244289699173911
8.	328.255455983386	3.244291328211674
8.01	329.05334040415124	3.2442929473744866
8.02	329.8521849488053	3.2442945567342014
8.03	330.6519896178138	3.2442961563620507
8.04	331.4527544116377	3.2442977463286793
8.049999999999999	332.25447933072974	3.244299326704123
8.06	333.05716437553633	3.2443008975578245
8.07	333.8608095464963	3.24430245895864
8.08	334.66541484404604	3.2443040109748544
8.09	335.47098026860886	3.2443055536741636
8.1	336.27750582060764	3.2443070871237008
8.11	337.0849915004554	3.2443086113900312
8.12	337.8934373085596	3.244310126539165
8.129999999999999	338.7028432453245	3.2443116326365624
8.14	339.51320931114344	3.2443131297471206
8.15	340.32453550640787	3.244314617935211
8.16	341.13682183149876	3.2443160972646536
8.17	341.9500682867968	3.2443175677987446
8.18	342.7642748726716	3.244319029600248
8.19	343.57944158949124	3.244320482731405
8.2	344.395568437613	3.2443219272539414
8.209999999999999	345.2126554173937	3.244323363229072
8.22	346.03070252918246	3.244324790717498
8.23	346.8497097733209	3.244326209779422
8.24	347.66967715014744	3.244327620474544
8.25	348.49060465999423	3.2443290228620794
8.26	349.3124923031874	3.2443304170007363
8.27	350.1353400800503	3.2443318029487664
8.28	350.9591479908972	3.2443331807639173
8.29	351.7839160360384	3.244334550503465
8.299999999999999	352.609644215783	3.2443359122242357
8.31	353.4363325304275	3.2443372659825616
8.32	354.2639809802689	3.2443386118343236
8.33	355.09258956559745	3.244339949834953
8.34	355.92215828669987	3.244341280039418
8.35	356.7526871438532	3.24434260250224
8.36	357.58417613733553	3.2443439172774955
8.37	358.4166252674161	3.244345224418822
8.379999999999999	359.25003453436125	3.2443465239794196
8.39	360.0844039384318	3.2443478160120565
8.4	360.91973347988335	3.2443491005690666
8.41	361.75602315896856	3.2443503777023706
8.42	362.59327297593376	3.244351647463456
8.43	363.43148293102035	3.2443529099033994
8.44	364.27065302446783	3.2443541650728682
8.45	365.1107832565094	3.2443554130221184
8.459999999999999	365.9518736273733	3.2443566538009927
8.47	366.79392413728414	3.244357887458943
8.48	367.63693478646223	3.2443591140450185
8.49	368.4809055751223	3.2443603336078746
8.5	369.32583650347755	3.244361546195776
8.51	370.17172757173506	3.2443627518566016
8.52	371.01857878009747	3.2443639506378448
8.530000000000001	371.8663901287636	3.244365142586621
8.540000000000001	372.7151616179295	3.2443663277496655
8.55	373.5648932477841	3.2443675061733455
8.56	374.4155850185159	3.2443686779036582
8.57	375.2672369303076	3.2443698429862295
8.58	376.11984898333765	3.244371001466328
8.59	376.9734211777816	3.244372153388858
8.6	377.82795351381003	3.2443732987983713
8.610000000000001	378.683445991591	3.244374437739064
8.620000000000001	379.53989861128736	3.244375570254784
8.63	380.3973113730591	3.2443766963890313
8.64	381.2556842770636	3.244377816184962
8.65	382.11501732345135	3.2443789296853898
8.66	382.975310512372	3.244380036932799
8.67	383.8365638439708	3.2443811379693277
8.68	384.6987773183898	3.244382232836793
8.690000000000001	385.5619509357676	3.244383321576678
8.700000000000001	386.4260846962388	3.244384404230145
8.71	387.2911785999325	3.2443854808380204
8.72	388.15723264697766	3.244386551440829
8.73	389.024246837501	3.244387616078771
8.74	389.8922211716208	3.2443886747917285
8.75	390.76115564945405	3.244389727619272
8.76	391.6310502711196	3.2443907746006815
8.77	392.5019050367241	3.2443918157749034
8.780000000000001	393.3737199463783	3.244392851180604
8.790000000000001	394.24649500018654	3.2443938808561352
8.8	395.12023019824875	3.24439490483956
8.81	395.99492554066677	3.244395923168643
8.82	396.8705810275335	3.2443969358808555
8.83	397.74719665894116	3.2443979430133756
8.84	398.62477243498057	3.2443989446031085
8.85	399.5033083557377	3.244399940686659
8.860000000000001	400.3828044212966	3.2444009313003583
8.870000000000001	401.2632606317359	3.244401916480251
8.88	402.144676987135	3.2444028962621116
8.89	403.0270534875684	3.244403870681439
8.9	403.91039013310734	3.244404839773456
8.91	404.79468692382085	3.2444058035731205
8.92	405.679943859776	3.2444067621151125
8.93	406.56616094103526	3.244407715433858
8.940000000000001	407.4533381676613	3.244408663563518
8.95	408.34147553970894	3.244409606537987
8.959999999999999	409.23057305723626	3.2444105443909055
8.969999999999999	410.12063072029656	3.2444114771556642
8.979999999999999	411.0116485289374	3.2444124048653826
8.989999999999998	411.9036264832082	3.244413327552945
9.	412.7965645831546	3.24441424525098
9.01	413.690462828817	3.2444151579918676
9.02	414.5853212202362	3.2444160658077417
9.03	415.48113975745	3.244416968730501
9.04	416.37791844049195	3.2444178667917916
9.049999999999999	417.275657269397	3.2444187600230325
9.059999999999999	418.17435624419375	3.244419648455397
9.069999999999999	419.0740153649105	3.2444205321198254
9.08	419.97463463157175	3.2444214110470284
9.09	420.876214044202	3.2444222852674853
9.1	421.7787536028205	3.244423154811442
9.11	422.68225330744633	3.2444240197089242
9.12	423.5867131580963	3.24442487998973
9.129999999999999	424.4921331547821	3.244425735683428
9.139999999999999	425.3985132975179	3.2444265868193805
9.149999999999999	426.30585358631356	3.244427433426719
9.16	427.21415402117447	3.244428275534358
9.17	428.1234146021054	3.2444291131709986
9.18	429.03363532911175	3.2444299463651345
9.19	429.9448162021938	3.2444307751450387
9.2	430.8569572213479	3.2444315995387734
9.209999999999999	431.7700583865738	3.2444324195742036
9.219999999999999	432.68411969786484	3.2444332352789766
9.229999999999999	433.5991411552156	3.2444340466805457
9.239999999999998	434.5151227586147	3.244434853806148
9.25	435.43206450805184	3.24443565668283
9.26	436.34996640351414	3.244436455337433
9.27	437.2688284449845	3.244437249796603
9.28	438.1886506324469	3.2444380400867896
9.29	439.1094329658845	3.2444388262342483
9.299999999999999	440.03117544527487	3.2444396082650426
9.309999999999999	440.95387807059274	3.2444403862050337
9.319999999999999	441.8775408418187	3.244441160079915
9.33	442.8021637589246	3.2444419299151748
9.34	443.7277468218785	3.2444426957361134
9.35	444.6542900306553	3.2444434575678596
9.36	445.5817933852209	3.244444215435347
9.37	446.51025688554245	3.244444969363333
9.379999999999999	447.43968053158574	3.2444457193763956
9.389999999999999	448.3700643233131	3.244446465498925
9.399999999999999	449.3014082606841	3.2444472077551456
9.41	450.23371234366175	3.2444479461691
9.42	451.1669765722038	3.244448680764659
9.43	452.101200946264	3.2444494115655136
9.44	453.0363854658004	3.2444501385951936
9.45	453.97253013076545	3.2444508618770516
9.46	454.9096349411093	3.2444515814342707
9.47	455.84769989678347	3.244452297289871
9.48	456.78672499773654	3.244453009466703
9.49	457.72671024391553	3.2444537179874624
9.5	458.667655635267	3.2444544228746617
9.51	459.60956117173185	3.2444551241506705
9.52	460.5524268532557	3.244455821837689
9.53	461.49625267977933	3.2444565159577614
9.540000000000001	462.4410386512413	3.2444572065327666
9.55	463.38678476758105	3.2444578935844417
9.56	464.33349102873433	3.2444585771343526
9.57	465.281157434637	3.244459257203923
9.58	466.2297839852241	3.244459933814414
9.59	467.1793706804252	3.24446060698694
9.6	468.1299175201752	3.244461276742466
9.61	469.08142450440096	3.2444619431018067
9.620000000000001	470.0338916330343	3.24446260608563
9.63	470.987318906001	3.244463265714456
9.64	471.94170632322704	3.244463922008658
9.65	472.8970538846378	3.244464574988464
9.66	473.85336159015617	3.2444652246739683
9.67	474.8106294397034	3.2444658710851044
9.68	475.76885743320264	3.2444665142416866
9.69	476.7280455705724	3.2444671541633725
9.7	477.68819385173185	3.244467790869695
9.71	478.64930227659653	3.244468424380033
9.72	479.6113708450863	3.244469054713647
9.73	480.5743995571116	3.2444696818896452
9.74	481.5383884125886	3.244470305927013
9.75	482.50333741143095	3.244470926844603
9.76	483.46924655355025	3.2444715446611307
9.77	484.4361158388541	3.2444721593951815
9.78	485.403945267254	3.244472771065209
9.790000000000001	486.37273483865727	3.2444733796895404
9.8	487.3424845529736	3.2444739852863846
9.81	488.31319441010487	3.2444745878737984
9.82	489.2848644099592	3.2444751874697415
9.83	490.2574945524398	3.2444757840920304
9.84	491.23108483744875	3.2444763777583594
9.85	492.2056352648901	3.2444769684863086
9.86	493.1811458346632	3.244477556293331
9.870000000000001	494.1576165466678	3.2444781411967565
9.88	495.1350474008035	3.2444787232137977
9.89	496.11343839696764	3.244479302361546
9.9	497.0927895350576	3.244479878656981
9.91	498.0731008149684	3.2444804521169557
9.920000000000002	499.0543722365986	3.244481022758214
9.930000000000001	500.0366037998388	3.2444815905973816
9.940000000000001	501.0197955045839	3.2444821556509735
9.950000000000001	502.00394735072314	3.2444827179353783
9.96	502.9890593381535	3.2444832774668937
9.97	503.97513146676204	3.244483834261687
9.98	504.9621637364387	3.244484388335824
9.99	505.950156147073	3.244484939705255
10.000000000000002	506.9391086985532	3.244485488385825
10.010000000000002	507.92902139076466	3.2444860343932675
10.020000000000001	508.91989422359495	3.244486577743217
10.030000000000001	509.9117271969288	3.244487118451189
10.040000000000001	510.9045203106527	3.244487656532603
10.05	511.89827356464787	3.2444881920027666
10.06	512.8929869587994	3.244488724876891
10.07	513.8886604929893	3.2444892551700755
10.080000000000002	514.8852941670988	3.2444897828973236
10.090000000000002	515.8828879810088	3.2444903080735346
10.100000000000001	516.8814419345995	3.244490830713508
10.110000000000001	517.8809560277473	3.244491350831934
10.120000000000001	518.8814302603342	3.2444918684434247
10.13	519.8828646322373	3.2444923835624686
10.14	520.8852591433323	3.244492896203473
10.15	521.8886137934962	3.2444934063807414
10.16	522.8929285826059	3.244493914108488
10.170000000000002	523.8982035105337	3.244494419400819
10.180000000000001	524.9044385771577	3.244494922271758
10.190000000000001	525.9116337823472	3.244495422735228
10.200000000000001	526.919789125978	3.2444959208050563
10.21	527.9289046079205	3.244496416494986
10.22	528.9389802280492	3.2444969098186625
10.23	529.9500159862299	3.244497400789634
10.24	530.9620118823389	3.2444978894213743
10.250000000000002	531.974967916241	3.2444983757272543
10.260000000000002	532.9888840878093	3.244498859720559
10.270000000000001	534.0037603969091	3.2444993414144823
10.280000000000001	535.0195968434105	3.244499820822137
10.290000000000001	536.0363934271791	3.2445002979565434
10.3	537.054150148083	3.244500772830638
10.31	538.0728670059879	3.2445012454572675
10.32	539.0925440007588	3.2445017158492
10.330000000000002	540.1131811322609	3.2445021840191095
10.340000000000002	541.1347784003598	3.2445026499795944
10.350000000000001	542.1573358049179	3.2445031137431686
10.360000000000001	543.1808533457992	3.244503575322257
10.370000000000001	544.2053310228664	3.2445040347292102
10.380000000000003	545.2307688359814	3.2445044919762953
10.390000000000002	546.2571667850069	3.244504947075699
10.400000000000002	547.2845248698032	3.24450540003952
10.410000000000002	548.3128430902328	3.2445058508797877
10.420000000000002	549.3421214461541	3.244506299608453
10.430000000000001	550.3723599374276	3.244506746237375
10.440000000000001	551.4035585639127	3.244507190778351
10.450000000000001	552.4357173254675	3.2445076332430896
10.460000000000003	553.4688362219528	3.2445080736432304
10.470000000000002	554.502915253224	3.244508511990336
10.480000000000002	555.5379544191394	3.244508948295885
10.490000000000002	556.5739537195544	3.244509382571287
10.500000000000002	557.6109131543285	3.2445098148278855
10.510000000000002	558.6488327233175	3.244510245076937
10.520000000000001	559.6877124263738	3.2445106733296267
10.530000000000001	560.7275522633561	3.244511099597077
10.540000000000003	561.7683522341185	3.2445115238903277
10.550000000000002	562.8101123385137	3.2445119462203484
10.560000000000002	563.8528325763984	3.2445123665980447
10.570000000000002	564.896512947625	3.244512785034241
10.580000000000002	565.9411534520457	3.2445132015397014
10.590000000000002	566.986754089515	3.2445136161251127
10.600000000000001	568.0333148598833	3.244514028801097
10.610000000000001	569.0808357630065	3.2445144395782166
10.620000000000001	570.1293167987326	3.244514848466941
10.630000000000003	571.1787579669144	3.2445152554776957
10.640000000000002	572.2291592674056	3.2445156606208325
10.650000000000002	573.2805207000509	3.244516063906626
10.660000000000002	574.3328422647039	3.244516465345301
10.670000000000002	575.3861239612162	3.2445168649470113
10.680000000000001	576.4403657894371	3.2445172627218417
10.690000000000001	577.4955677492127	3.2445176586798077
10.700000000000001	578.5517298403945	3.244518052830875
10.710000000000003	579.608852062832	3.244518445184937
10.720000000000002	580.6669344163718	3.2445188357518235
10.730000000000002	581.7259769008633	3.244519224541303
10.740000000000002	582.785979516152	3.244519611563082
10.750000000000002	583.8469422620883	3.244519996826806
10.760000000000002	584.9088651385172	3.2445203803420535
10.770000000000001	585.971748145288	3.2445207621183547
10.780000000000001	587.0355912822455	3.2445211421651634
10.79	588.1003945492348	3.244521520491885
10.799999999999999	589.1661579461047	3.244521897107859
10.809999999999999	590.2328814727006	3.2445222720223703
10.819999999999999	591.3005651288645	3.244522645244638
10.829999999999998	592.3692089144465	3.244523016783833
10.84	593.43881282929	3.244523386649066
10.85	594.5093768732371	3.244523754849379
10.86	595.5809010461352	3.2445241213937677
10.87	596.6533853478288	3.2445244862911706
10.879999999999999	597.7268297781626	3.2445248495504693
10.889999999999999	598.8012343369768	3.2445252111804805
10.899999999999999	599.8765990241184	3.2445255711899823
10.909999999999998	600.9529238394292	3.2445259295876805
10.92	602.0302087827528	3.2445262863822393
10.93	603.1084538539324	3.2445266415822656
10.94	604.1876590528095	3.2445269951963045
10.95	605.2678243792291	3.2445273472328524
10.959999999999999	606.3489498330307	3.2445276977003616
10.969999999999999	607.4310354140598	3.2445280466072175
10.979999999999999	608.5140811221547	3.2445283939617626
10.989999999999998	609.5980869571597	3.2445287397722806
11.	610.683052918916	3.24452908404701
11.01	611.7689790072645	3.2445294267941356
11.02	612.8558652220456	3.2445297680217866
11.03	613.9437115631025	3.2445301077380515
11.04	615.0325180302735	3.2445304459509625
11.049999999999999	616.1222846234012	3.244530782668497
11.059999999999999	617.213011342329	3.244531117898599
11.069999999999999	618.3046981868906	3.2445314516491415
11.079999999999998	619.3973451569324	3.2445317839279686
11.09	620.4909522522894	3.2445321147428623
11.1	621.5855194728066	3.2445324441015644
11.11	622.6810468183191	3.2445327720117674
11.12	623.7775342886697	3.2445330984811163
11.129999999999999	624.8749818836963	3.2445334235171988
11.139999999999999	625.973389603242	3.2445337471275786
11.149999999999999	627.0727574471412	3.2445340693197515
11.159999999999998	628.1730854152362	3.2445343901011774
11.17	629.2743735073651	3.244534709479269
11.18	630.3766217233665	3.244535027461391
11.19	631.4798300630802	3.2445353440548668
11.2	632.5839985263457	3.2445356592669756
11.209999999999999	633.6891271129972	3.2445359731049424
11.219999999999999	634.7952158228782	3.2445362855759643
11.229999999999999	635.9022646558251	3.244536596687176
11.239999999999998	637.010273611677	3.244536906445688
11.25	638.1192426902707	3.2445372148585525
11.26	639.2291718914469	3.244537521932783
11.27	640.3400612150404	3.244537827675352
11.28	641.4519106608924	3.2445381320931936
11.29	642.5647202288379	3.2445384351931876
11.3	643.6784899187186	3.2445387369821863
11.31	644.7932197303666	3.2445390374669896
11.32	645.908909663624	3.2445393366543613
11.33	647.0255597183286	3.2445396345510256
11.34	648.1431698943152	3.244539931163661
11.35	649.2617401914212	3.2445402264989096
11.36	650.3812706094881	3.2445405205633753
11.37	651.5017611483514	3.2445408133636184
11.38	652.6232118078441	3.2445411049061534
11.39	653.7456225878102	3.2445413951974724
11.4	654.8689934880827	3.2445416842440133
11.41	655.9933245084992	3.244541972052184
11.42	657.1186156488976	3.244542258628347
11.43	658.2448669091159	3.2445425439788327
11.44	659.3720782889891	3.244542828109931
11.45	660.5002497883555	3.244543111027897
11.46	661.6293814070516	3.244543392738942
11.47	662.7594731449179	3.244543673249249
11.48	663.8905250017827	3.2445439525649475
11.49	665.022536977492	3.244544230692158
11.5	666.1555090718773	3.244544507636938
11.51	667.2894412847796	3.2445447834053245
11.52	668.4243336160315	3.2445450580033093
11.53	669.5601860654731	3.2445453314368566
11.54	670.6969986329374	3.2445456037118867
11.55	671.8347713182662	3.244545874834294
11.56	672.973504121293	3.244546144809933
11.57	674.113197041854	3.2445464136446214
11.58	675.2538500797888	3.2445466813441466
11.59	676.395463234932	3.2445469479142597
11.6	677.5380365071217	3.2445472133606783
11.61	678.6815698961946	3.2445474776890864
11.62	679.8260634019842	3.2445477409051304
11.63	680.9715170243334	3.2445480030144327
11.64	682.1179307630734	3.244548264022575
11.65	683.2653046180455	3.24454852393511
11.66	684.4136385890848	3.2445487827575548
11.67	685.5629326760276	3.244549040495397
11.68	686.7131868787112	3.2445492971540837
11.69	687.8644011969706	3.2445495527390404
11.7	689.0165756306463	3.2445498072556602
11.71	690.1697101795731	3.2445500607092987
11.72	691.3238048435875	3.244550313105281
11.73	692.4788596225276	3.244550564448905
11.74	693.6348745162321	3.24455081474544
11.75	694.7918495245353	3.2445510640001136
11.760000000000002	695.949784647277	3.2445513122181304
11.770000000000001	697.1086798842898	3.2445515594046674
11.780000000000001	698.2685352354158	3.2445518055648663
11.790000000000001	699.4293507004894	3.2445520507038363
11.8	700.5911262793494	3.2445522948266663
11.81	701.7538619718323	3.24455253793841
11.82	702.9175577777744	3.2445527800440876
11.83	704.0822136970155	3.2445530211487013
11.840000000000002	705.2478297293923	3.244553261257212
11.850000000000001	706.4144058747422	3.244553500374561
11.860000000000001	707.5819421328999	3.2445537385056546
11.870000000000001	708.75043850371	3.2445539756553776
11.88	709.9198949870034	3.244554211828582
11.89	711.0903115826206	3.244554447030092
11.9	712.2616882903994	3.2445546812647024
11.91	713.4340251101746	3.244554914537183
11.920000000000002	714.6073220417917	3.2445551468522824
11.930000000000001	715.7815790850814	3.2445553782147085
11.940000000000001	716.9567962398851	3.2445556086291525
11.950000000000001	718.1329735060399	3.2445558381002715
11.96	719.3101108833836	3.2445560666326987
11.97	720.4882083717561	3.244556294231048
11.98	721.6672659709928	3.244556520899894
11.99	722.8472836809354	3.244556746643797
12.	724.0282615014214	3.2445569714672793
12.010000000000002	725.2101994322869	3.244557195374848
12.020000000000001	726.3930974733768	3.244557418370983
12.030000000000001	727.5769556245226	3.2445576404601333
12.040000000000001	728.7617738855654	3.2445578616467214
12.05	729.9475522563456	3.244558081935152
12.06	731.1342907367037	3.2445583013298047
12.07	732.3219893264758	3.2445585198350253
12.08	733.5106480255029	3.2445587374551432
12.090000000000002	734.7002668336207	3.2445589541944577
12.100000000000001	735.8908457506715	3.244559170057249
12.110000000000001	737.0823847764955	3.2445593850477685
12.120000000000001	738.2748839109303	3.244559599170246
12.13	739.4683431538155	3.2445598124288897
12.14	740.662762504992	3.244560024827878
12.15	741.8581419643	3.2445602363713677
12.16	743.0544815315768	3.244560447063495
12.170000000000002	744.251781206666	3.2445606569083747
12.180000000000001	745.4500409894019	3.244560865910088
12.190000000000001	746.6492608796341	3.2445610740727058
12.200000000000001	747.8494408771941	3.2445612814002676
12.21	749.0505809819243	3.2445614878967928
12.220000000000002	750.252681193672	3.2445616935662818
12.230000000000002	751.4557415122683	3.244561898412702
12.240000000000002	752.6597619375568	3.244562102440009
12.250000000000002	753.8647424693835	3.244562305652139
12.260000000000002	755.0706831075835	3.2445625080529927
12.270000000000001	756.2775838519979	3.2445627096464515
12.280000000000001	757.4854447024716	3.2445629104363936
12.290000000000001	758.6942656588419	3.2445631104266495
12.300000000000002	759.9040467209552	3.2445633096210496
12.310000000000002	761.1147878886484	3.244563508023392
12.320000000000002	762.3264891617642	3.244563705637449
12.330000000000002	763.5391505401458	3.244563902466985
12.340000000000002	764.7527720236345	3.2445640985157382
12.350000000000001	765.9673536120732	3.244564293787421
12.360000000000001	767.1828953053002	3.244564488285731
12.370000000000001	768.3993971031599	3.2445646820143392
12.380000000000003	769.6168590054974	3.2445648749769083
12.390000000000002	770.8352810121507	3.2445650671770663
12.400000000000002	772.0546631229661	3.2445652586184295
12.410000000000002	773.2750053377839	3.244565449304594
12.420000000000002	774.4963076564495	3.244565639239136
12.430000000000001	775.7185700787998	3.2445658284256007
12.440000000000001	776.9417926046879	3.244566016867539
12.450000000000001	778.1659752339483	3.244566204568449
12.46	779.3911179664257	3.2445663915318383
12.470000000000002	780.6172208019678	3.2445665777611836
12.480000000000002	781.8442837404165	3.244566763259941
12.490000000000002	783.0723067816111	3.2445669480315433
12.500000000000002	784.3012899254026	3.2445671320794216
12.510000000000002	785.5312331716299	3.244567315406971
12.520000000000001	786.7621365201389	3.244567498017578
12.530000000000001	787.993999970773	3.2445676799146006
12.540000000000001	789.2268235233777	3.244567861101389
12.550000000000002	790.4606071777994	3.2445680415812737
12.560000000000002	791.6953509338789	3.244568221357558
12.570000000000002	792.9310547914617	3.2445684004335327
12.580000000000002	794.1677187503955	3.244568578812476
12.590000000000002	795.4053428105233	3.2445687564976415
12.600000000000001	796.6439269716888	3.2445689334922587
12.610000000000001	797.8834712337441	3.244569109799565
12.620000000000001	799.1239755965254	3.2445692854227484
12.629999999999999	800.3654400598829	3.244569460364998
12.639999999999999	801.6078646236668	3.2445696346294866
12.649999999999999	802.8512492877156	3.2445698082193566
12.659999999999998	804.095594051879	3.244569981137747
12.669999999999998	805.3408989160034	3.24457015338777
12.68	806.5871638799342	3.24457032497253
12.69	807.8343889435196	3.2445704958951116
12.7	809.0825741066051	3.2445706661585736
12.709999999999999	810.3317193690377	3.244570835765972
12.719999999999999	811.5818247306617	3.2445710047203327
12.729999999999999	812.8328901913295	3.244571173024681
12.739999999999998	814.0849157508856	3.2445713406820147
12.749999999999998	815.3379014091777	3.2445715076953197
12.76	816.5918471660509	3.2445716740675574
12.77	817.8467530213594	3.24457183980169
12.78	819.1026189749433	3.2445720049006437
12.79	820.3594450266552	3.244572169367345
12.799999999999999	821.6172311763432	3.2445723332047023
12.809999999999999	822.8759774238556	3.244572496415601
12.819999999999999	824.1356837690414	3.244572659002915
12.829999999999998	825.3963502117459	3.244572820969506
12.84	826.6579767518217	3.2445729823182123
12.85	827.9205633891154	3.2445731430518667
12.86	829.1841101234755	3.2445733031732797
12.87	830.4486169547562	3.2445734626852523
12.879999999999999	831.7140838828032	3.2445736215905647
12.889999999999999	832.9805109074646	3.2445737798919856
12.899999999999999	834.2478980285945	3.2445739375922713
12.909999999999998	835.5162452460406	3.2445740946941606
12.919999999999998	836.7855525596526	3.244574251200376
12.93	838.0558199692814	3.244574407113626
12.94	839.3270474747777	3.244574562436609
12.95	840.5992350759919	3.244574717172005
12.959999999999999	841.8723827727692	3.244574871322479
12.969999999999999	843.146490564972	3.2445750248906924
12.979999999999999	844.4215584524419	3.2445751778792724
12.989999999999998	845.6975864350353	3.244575330290854
12.999999999999998	846.9745745125988	3.244575482128038
13.01	848.2525226849878	3.2445756333934304
13.02	849.5314309520531	3.2445757840896143
13.03	850.8112993136509	3.2445759342191587
13.04	852.0921277696231	3.244576083784614
13.049999999999999	853.373916319832	3.244576232788532
13.059999999999999	854.6566649641243	3.2445763812334385
13.069999999999999	855.9403737023557	3.2445765291218502
13.079999999999998	857.2250425343742	3.2445766764562665
13.09	858.5106714600382	3.244576823239185
13.1	859.7972604791961	3.2445769694730733
13.11	861.084809591705	3.2445771151604057
13.12	862.3733187974162	3.244577260303623
13.129999999999999	863.6627880961817	3.244577404905171
13.14	864.9532174878638	3.2445775489674755
13.15	866.2446069723037	3.24457769249294
13.16	867.536956549367	3.2445778354839785
13.17	868.8302662188997	3.2445779779429684
13.18	870.124535980759	3.2445781198722905
13.19	871.419765834799	3.2445782612742997
13.2	872.7159557808767	3.244578402151357
13.209999999999999	874.0131058188474	3.2445785425057965
13.22	875.3112159485621	3.244578682339939
13.23	876.610286169878	3.2445788216561056
13.24	877.91031648265	3.244578960456595
13.25	879.2113068867387	3.244579098743708
13.26	880.5132573819917	3.244579236519705
13.27	881.8161679682706	3.244579373786862
13.28	883.1200386454326	3.244579510547439
13.29	884.4248694133282	3.244579646803666
13.3	885.7306602718189	3.244579782557785
13.31	887.0374112207605	3.244579917812015
13.32	888.3451222600079	3.2445800525685624
13.33	889.6537933894181	3.2445801868296216
13.34	890.9634246088489	3.2445803205973816
13.35	892.274015918164	3.2445804538740233
13.36	893.5855673172103	3.244580586661698
13.37	894.8980788058497	3.2445807189625646
13.379999999999999	896.2115503839434	3.2445808507787666
13.39	897.525982051347	3.2445809821124314
13.4	898.8413738079157	3.2445811129656774
13.41	900.1577256535168	3.2445812433406163
13.42	901.475037587998	3.244581373239343
13.43	902.793309611222	3.2445815026639426
13.44	904.1125417230523	3.244581631616499
13.45	905.4327339233452	3.2445817600990687
13.459999999999999	906.7538862119561	3.244581888113714
13.47	908.0759985887512	3.2445820156624796
13.48	909.3990710535845	3.244582142747394
13.49	910.7231036063209	3.244582269370489
13.5	912.0480962468148	3.2445823955337683
13.51	913.3740489749312	3.2445825212392436
13.52	914.7009617905259	3.244582646488903
13.53	916.0288346934647	3.244582771284733
13.54	917.3576676836029	3.2445828956287057
13.55	918.6874607608083	3.2445830195227847
13.56	920.0182139249379	3.244583142968921
13.57	921.3499271758513	3.244583265969061
13.58	922.6826005134094	3.2445833885251325
13.59	924.01623393748	3.2445835106390666
13.600000000000001	925.3508274479206	3.244583632312773
13.610000000000001	926.6863810445959	3.244583753548156
13.620000000000001	928.0228947273612	3.244583874347108
13.63	929.3603684960855	3.2445839947115163
13.64	930.6988023506314	3.2445841146432572
13.65	932.0381962908576	3.2445842341441966
13.66	933.3785503166263	3.2445843532161884
13.67	934.7198644278078	3.2445844718610863
13.680000000000001	936.0621386242613	3.244584590080723
13.690000000000001	937.4053729058476	3.244584707876926
13.700000000000001	938.7495672724323	3.2445848252515193
13.71	940.0947217238811	3.244584942206314
13.72	941.440836260058	3.2445850587431075
13.73	942.7879108808235	3.2445851748636962
13.74	944.1359455860423	3.2445852905698573
13.75	945.4849403755838	3.244585405863374
13.760000000000002	946.8348952493084	3.2445855207460053
13.770000000000001	948.1858102070825	3.24458563521951
13.780000000000001	949.5376852487706	3.2445857492856383
13.790000000000001	950.8905203742365	3.2445858629461277
13.8	952.2443155833513	3.24458597620271
13.81	953.5990708759748	3.2445860890571057
13.82	954.9547862519719	3.244586201511029
13.83	956.3114617112169	3.244586313566189
13.84	957.6690972535674	3.2445864252242753
13.850000000000001	959.0276928788943	3.2445865364869806
13.860000000000001	960.3872485870583	3.244586647355982
13.870000000000001	961.7477643779345	3.2445867578329532
13.88	963.1092402513826	3.2445868679195566
13.89	964.4716762072771	3.244586977617451
13.9	965.8350722454777	3.2445870869282767
13.91	967.1994283658561	3.244587195853675
13.92	968.5647445682805	3.2445873043952784
13.930000000000001	969.9310208526146	3.2445874125547056
13.940000000000001	971.2982572187306	3.2445875203335772
13.950000000000001	972.666453666493	3.2445876277334924
13.96	974.0356101957763	3.2445877347560543
13.97	975.4057268064428	3.244587841402853
13.98	976.7768034983617	3.2445879476754693
13.99	978.1488402714051	3.2445880535754825
14.	979.5218371254393	3.2445881591044623