0.55	0.01592130190850275
0.6000000000000001	0.05328701937195995
0.65	0.09454032574269292
0.7000000000000001	0.13940758296926992
0.75	0.18773980580573757
0.8	0.23943376745305836
0.8500000000000001	0.29440938046192217
0.9000000000000001	0.3526004142247699
0.9500000000000001	0.4139499064328741
1.	0.4784076031910719
1.05	0.5459283999980938
1.1	0.6164713252102256
1.1500000000000001	0.6899988391610361
1.2000000000000002	0.7664763275547467
1.25	0.8458717200940107
1.3	0.928155193111844
1.35	1.0132989305796576
1.4000000000000001	1.1012769270145482
1.4500000000000002	1.1920648213783003
1.5	1.2856397545519782
1.55	1.3819802452224033
1.6	1.4810660804971358
1.6500000000000001	1.5828782185621928
1.7000000000000002	1.6873987013791303
1.7500000000000002	1.7946105758940911
1.8	1.9044978225693208
1.85	2.0170452902911875
1.9000000000000001	2.1322386368880486
1.9500000000000002	2.2500642746250366
2.	2.37050932014498
2.05	2.493561548403693
2.1	2.6192093502104323
2.1500000000000004	2.747441693034544
2.2	2.8782480847804797
2.25	3.0116185402674125
2.3	3.147543550178573
2.35	3.286014052269828
2.4000000000000004	3.4270214046483694
2.45	3.5705573609507506
2.5	3.7166140472656695
2.55	3.8651839406613884
2.6000000000000005	4.01625984919024
2.6500000000000004	4.169834893254227
2.7	4.32590248822581
2.75	4.4844563282272665
2.8	4.645490370980198
2.8500000000000005	4.808998823644406
2.9000000000000004	4.974976129571973
2.95	5.143416955908724
3.	5.314316181980725
3.05	5.487668888408621
3.1000000000000005	5.663470346897237
3.1500000000000004	5.84171601065215
3.2	6.0224015053786815
3.25	6.205522620822454
3.3	6.391075302813701
3.3500000000000005	6.579055645780545
3.4000000000000004	6.7694598856991695
3.45	6.962284393451268
3.5	7.157525668561385
3.55	7.355180333288697
3.6000000000000005	7.555245127050156
3.6500000000000004	7.757716901152929
3.7	7.9625926138163745
3.75	8.16986932546485
3.8	8.379544194274015
3.8500000000000005	8.59161447195478
3.9000000000000004	8.806077499759967
3.95	9.022930704699842
4.	9.24217159595384
4.05	9.463797761466227
4.1000000000000005	9.687806864715027
4.15	9.914196641643475
4.2	10.142964897744593
4.25	10.37410950528976
4.3	10.60762840069301
4.3500000000000005	10.843519582003081
4.4	11.081781106516074
4.45	11.322411088501699
4.5	11.565407697036909
4.55	11.810769153940736
4.6	12.058493731804944
4.65	12.308579752115046
4.7	12.561025583456953
4.75	12.815829639804525
4.8	13.072990378883722
4.85	13.332506300609369
4.9	13.594375945590631
4.95	13.858597893701651
5.	14.125170762714015
5.05	14.394093206987817
5.1	14.665363916218398
5.15	14.93898161423598
5.2	15.214945057855354
5.25	15.493253035773463
5.3	15.773904367512255
5.3500000000000005	16.056897902404675
5.4	16.342232518621746
5.45	16.62990712223887
5.5	16.919920646338948
5.55	17.212272050151476
5.6000000000000005	17.506960318225087
5.65	17.803984459632456
5.7	18.103343507205885
5.75	18.40503651680218
5.8	18.70906256659569
5.8500000000000005	19.01542075639778
5.9	19.324110207002064
5.95	19.63513005955392
6.	19.948479474943333
6.05	20.26415763321995
6.1000000000000005	20.582163733029567
6.15	20.902496991070922
6.2	21.225156641571985
6.25	21.550141935784993
6.3	21.87745214149933
6.3500000000000005	22.207086542571503
6.4	22.539044438471596
6.45	22.87332514384552
6.5	23.209927988092083
6.55	23.548852314954956
6.6000000000000005	23.890097482128034
6.65	24.233662860874613
6.7	24.57954783565883
6.75	24.92775180378993
6.8	25.2782741750778
6.8500000000000005	25.631114371500278
6.9	25.986271826881023
6.95	26.343745986577932
7.	26.70353630718178
7.05	27.06564225622428
7.1000000000000005	27.430063311895562
7.15	27.796798962770694
7.2	28.16584870754463
7.25	28.537212054775658
7.3	28.910888522636554
7.3500000000000005	29.286877638673662
7.4	29.665178939573472
7.45	30.04579197093577
7.5	30.4287162870546
7.55	30.81395145070472
7.6000000000000005	31.201497032935595
7.65	31.591352612870647
7.7	31.983517777512937
7.75	32.377992121556474
7.8	32.774775247203024
7.8500000000000005	33.17386676398421
7.9	33.575266288588885
7.95	33.978973444695534
8.	34.38498786280925
8.05	34.793309180103506
8.100000000000001	35.20393704026651
8.15	35.616871093351705
8.200000000000001	36.03211099563255
8.25	36.44965640946139
8.3	36.86950700313218
8.350000000000001	37.291662450747125
8.4	37.71612243208672
8.450000000000001	38.14288663248354
8.5	38.571954742699496
8.55	39.00332645880653
8.600000000000001	39.43700148206985
8.65	39.87297951883507
8.700000000000001	40.311260280418225
8.750000000000002	40.751843482998105
8.8	41.19472884751211
8.850000000000001	41.63991609955471
8.9	42.08740496927799
8.950000000000001	42.537195191295694
9.000000000000002	42.98928650458906
9.05	43.44367865241501
9.100000000000001	43.90037138221741
9.15	44.3593644455399
9.200000000000001	44.82065759794128
9.250000000000002	45.2842505989127
9.3	45.75014321179737
9.350000000000001	46.218335203712115
9.4	46.68882634547043
9.450000000000001	47.161616411508405
9.500000000000002	47.63670517981133
9.55	48.11409243184296
9.600000000000001	48.593777952476415
9.65	49.07576152992601
9.700000000000001	49.560042955681766
9.750000000000002	50.046622024444794
9.8	50.535498534064615
9.850000000000001	51.02667228547735
9.9	51.52014308264651
9.950000000000001	52.01591073250413
10.000000000000002	52.51397504489346
10.05	53.01433583251373
10.100000000000001	53.51699291086511
10.150000000000002	54.02194609819615
10.200000000000001	54.529195215451054
10.250000000000002	55.038740086219725
10.3	55.55058053668756
10.350000000000001	56.06471639558714
10.400000000000002	56.58114749415102
10.450000000000001	57.09987366606509
10.500000000000002	57.62089474742372
10.55	58.14421057668517
10.600000000000001	58.66982099462871
10.650000000000002	59.197725844312
10.700000000000001	59.727924971029665
10.750000000000002	60.2604182222733
10.8	60.795205447691636
10.850000000000001	61.332286499051676
10.900000000000002	61.87166123020139
10.950000000000001	62.41332949703214
11.000000000000002	62.95729115744273
11.05	63.50354607130405
11.100000000000001	64.0520941004241
11.150000000000002	64.6029351085144
11.200000000000001	65.15606896115656
11.250000000000002	65.71149552576988
11.3	66.26921467157933
11.350000000000001	66.82922626958475
11.400000000000002	67.39153019253004
11.450000000000001	67.95612631487346
11.500000000000002	68.52301451275825
11.55	69.0921946639841
11.600000000000001	69.66366664797917
11.650000000000002	70.23743034577255
11.700000000000001	70.81348563996731
11.750000000000002	71.39183241471409
11.8	71.97247055568538
11.850000000000001	72.5553999500505
11.900000000000002	73.14062048645026
11.950000000000001	73.72813205497296
12.000000000000002	74.31793454713052
12.05	74.91002785583562
12.100000000000001	75.50441187537776
12.150000000000002	76.10108650140207
12.200000000000001	76.70005163088669
12.250000000000002	77.30130716212088
12.3	77.9048529946851
12.350000000000001	78.51068902942906
12.400000000000002	79.11881516845203
12.450000000000001	79.72923131508296
12.500000000000002	80.3419373738606
12.55	80.95693325051488
12.600000000000001	81.57421885194769
12.650000000000002	82.1937940862147
12.700000000000001	82.81565886250735
12.750000000000002	83.43981309113461
12.8	84.06625668350618
12.850000000000001	84.69498955211535
12.900000000000002	85.32601161052209
12.950000000000001	85.95932277333671
13.000000000000002	86.59492295620346
13.05	87.23281207578512
13.100000000000001	87.87299004974741
13.150000000000002	88.51545679674365
13.200000000000001	89.16021223639954
13.250000000000002	89.80725628929899
13.3	90.45658887696939
13.350000000000001	91.10820992186746
13.400000000000002	91.76211934736568
13.450000000000001	92.41831707773785
13.500000000000002	93.0768030381468
13.55	93.73757715463047
13.600000000000001	94.40063935408888
13.650000000000002	95.0659895642721
13.700000000000001	95.73362771376736
13.750000000000002	96.40355373198678
13.8	97.07576754915561
13.850000000000001	97.75026909629993
13.900000000000002	98.42705830523592
13.950000000000001	99.10613510855714
14.000000000000002	99.78749943962482
14.05	100.47115123255563
14.100000000000001	101.15709042221157
14.150000000000002	101.84531694418945
14.200000000000001	102.53583073480905
14.250000000000002	103.22863173110531
14.3	103.92371987081606
14.350000000000001	104.62109509237293
14.400000000000002	105.32075733489188
14.450000000000001	106.02270653816308
14.500000000000002	106.72694264264163
14.55	107.43346558943898
14.600000000000001	108.14227532031266
14.650000000000002	108.85337177765793
14.700000000000001	109.56675490449915
14.750000000000002	110.28242464448127
14.8	111.00038094186036
14.850000000000001	111.72062374149625
14.900000000000002	112.4431529888437
14.950000000000001	113.16796862994492
15.000000000000002	113.89507061142068
15.05	114.62445888046348
15.100000000000001	115.35613338482916
15.150000000000002	116.09009407282961
15.200000000000001	116.82634089332498
15.250000000000002	117.56487379571718
15.3	118.30569272994147
15.350000000000001	119.04879764646081
15.400000000000002	119.79418849625718
15.450000000000001	120.5418652308261
15.500000000000002	121.29182780216904
15.55	122.04407616278756
15.600000000000001	122.79861026567572
15.650000000000002	123.55543006431482
15.700000000000001	124.31453551266569
15.750000000000002	125.07592656516394
15.8	125.83960317671252
15.850000000000001	126.60556530267675
15.900000000000002	127.37381289887708
15.950000000000001	128.14434592158455
16.	128.91716432751457
16.05	129.69226807382043
16.1	130.4696571180891
16.150000000000002	131.2493314183346
16.2	132.0312909329932
16.25	132.81553562091798
16.3	133.60206544137333
16.35	134.3908803540296
16.400000000000002	135.18198031895855
16.45	135.9753652966288
16.5	136.77103524789882
16.55	137.56899013401417
16.6	138.36922991660202
16.650000000000002	139.17175455766647
16.700000000000003	139.97656401958355
16.75	140.78365826509622
16.8	141.59303725731175
16.85	142.40470095969505
16.900000000000002	143.2186493360655
16.950000000000003	144.03488235059265
17.	144.85339996779138
17.05	145.6742021525182
17.1	146.49728886996684
17.150000000000002	147.32266008566418
17.200000000000003	148.1503157654664
17.25	148.98025587555492
17.3	149.81248038243262
17.35	150.64698925292058
17.400000000000002	151.4837824541521
17.450000000000003	152.32285995357157
17.5	153.16422171892933
17.55	154.00786771827913
17.6	154.8537979199734
17.650000000000002	155.70201229265948
17.700000000000003	156.5525108052779
17.75	157.40529342705764
17.8	158.2603601275128
17.85	159.1177108764398
17.900000000000002	159.97734564391368
17.950000000000003	160.83926440028466
18.	161.70346711617617
18.05	162.56995376247986
18.1	163.43872431035416
18.150000000000002	164.30977873121958
18.200000000000003	165.1831169967581
18.25	166.05873907890773
18.3	166.9366449498605
18.35	167.8168345820603
18.400000000000002	168.69930794819876
18.450000000000003	169.58406502121343
18.5	170.47110577428467
18.55	171.3604301808326
18.6	172.2520382145149
18.650000000000002	173.145929849224
18.700000000000003	174.04210505908404
18.75	174.94056381844857
18.8	175.84130610189877
18.85	176.74433188423953
18.900000000000002	177.64964114049764
18.950000000000003	178.55723384591994
19.	179.46710997596938
19.05	180.37926950632416
19.1	181.29371241287464
19.150000000000002	182.21043867172094
19.200000000000003	183.12944825917089
19.25	184.05074115173846
19.3	184.97431732613927
19.35	185.9001767592903
19.400000000000002	186.8283194283092
19.450000000000003	187.7587453105071
19.5	188.69145438339174
19.55	189.62644662466312
19.6	190.5637220122103
19.650000000000002	191.5032805241123
19.700000000000003	192.44512213863302
19.750000000000004	193.3892468342217
19.8	194.335654589509
19.85	195.284345383306
19.900000000000002	196.23531919460345
19.950000000000003	197.18857600256732
20.000000000000004	198.14411578653906
20.05	199.10193852603254
20.1	200.06204420073342
20.150000000000002	201.02443279049555
20.200000000000003	201.9891042753414
20.250000000000004	202.9560586354585
20.3	203.92529585119772
20.35	204.8968159030746
20.400000000000002	205.87061877176288
20.450000000000003	206.84670443809628
20.500000000000004	207.82507288306638
20.55	208.80572408781924
20.6	209.7886580336556
20.650000000000002	210.77387470202964
20.700000000000003	211.7613740745446
20.750000000000004	212.7511561329551
20.8	213.7432208591622
20.85	214.73756823521433
20.900000000000002	215.7341982433042
20.950000000000003	216.73311086576848
21.000000000000004	217.73430608508525
21.05	218.7377838838734
21.1	219.7435442448913
21.150000000000002	220.75158715103478
21.200000000000003	221.76191258533584
21.250000000000004	222.77452053096226
21.3	223.789410971214
21.35	224.80658388952526
21.400000000000002	225.8260392694591
21.450000000000003	226.8477770947103
21.500000000000004	227.87179734910106
21.55	228.89810001658014
21.6	229.9266850812239
21.650000000000002	230.95755252723208
21.700000000000003	231.990702338928
21.750000000000004	233.02613450075714
21.8	234.06384899728673
21.85	235.10384581320318
21.900000000000002	236.1461249333116
21.950000000000003	237.1906863425346
22.000000000000004	238.23753002591184
22.05	239.28665596859773
22.1	240.33806415586054
22.150000000000002	241.39175457308193
22.200000000000003	242.44772720575583
22.250000000000004	243.50598203948624
22.3	244.5665190599877
22.35	245.62933825308323
22.400000000000002	246.69443960470375
22.450000000000003	247.7618231008859
22.500000000000004	248.83148872777446
22.55	249.9034364716158
22.6	250.97766631876183
22.650000000000002	252.05417825566727
22.700000000000003	253.1329722688879
22.750000000000004	254.2140483450803
22.8	255.2974064710007
22.85	256.3830466335057
22.900000000000002	257.47096881954786
22.950000000000003	258.5611730161783
23.000000000000004	259.65365921054325
23.05	260.7484273898847
23.1	261.84547754153914
23.150000000000002	262.94480965293616
23.200000000000003	264.0464237115986
23.250000000000004	265.1503197051402
23.3	266.2564976212663
23.35	267.36495744777244
23.400000000000002	268.4756991725424
23.450000000000003	269.58872278355005
23.500000000000004	270.70402826885464
23.55	271.82161561660456
23.6	272.94148481503333
23.650000000000002	274.0636358524591
23.700000000000003	275.1880687172852
23.750000000000004	276.3147833979985
23.8	277.4437798831693
23.85	278.57505816144896
23.900000000000002	279.70861822157167
23.950000000000003	280.8444600523513
24.000000000000004	281.9825836426819
24.05	283.1229889815377
24.1	284.26567605797015
24.150000000000002	285.41064486111003
24.200000000000003	286.55789538016353
24.250000000000004	287.70742760441556
24.3	288.85924152322485
24.35	290.0133371260262
24.400000000000002	291.16971440232925
24.450000000000003	292.3283733417163
24.500000000000004	293.4893139338444
24.55	294.6525361684412
24.6	295.81804003530806
24.650000000000002	296.9858255243162
24.700000000000003	298.1558926254088
24.750000000000004	299.328241328598
24.8	300.50287162396495
24.85	301.6797835016615
24.900000000000002	302.8589769519062
24.950000000000003	304.04045196498544
25.000000000000004	305.2242085312527
25.05	306.4102466411286
25.1	307.598566285098
25.150000000000002	308.78916745371237
25.200000000000003	309.9820501375883
25.250000000000004	311.1772143274055
25.3	312.37466001390743
25.35	313.57438718790087
25.400000000000002	314.7763958402559
25.450000000000003	315.9806859619033
25.500000000000004	317.1872575438358
25.55	318.39611057710795
25.6	319.60724505283355
25.650000000000002	320.8206609621875
25.700000000000003	322.03635829640297
25.750000000000004	323.2543370467722
25.8	324.4745972046469
25.85	325.6971387614358
25.900000000000002	326.92196170860575
25.950000000000003	328.1490660376791
26.000000000000004	329.37845174023715
26.05	330.6101188079158
26.1	331.8440672324054
26.150000000000002	333.08029700545364
26.200000000000003	334.31880811886106
26.250000000000004	335.55960056448396
26.3	336.80267433423126
26.35	338.048029420065
26.400000000000002	339.29566581399996
26.450000000000003	340.54558350810504
26.500000000000004	341.79778249450015
26.55	343.05226276535575
26.6	344.3090243128945
26.650000000000002	345.5680671293904
26.700000000000003	346.8293912071655
26.750000000000004	348.09299653859455
26.8	349.35888311609904
26.85	350.6270509321526
26.900000000000002	351.89749997927373
26.950000000000003	353.17023025003317
27.000000000000004	354.4452417370478
27.05	355.72253443298007
27.1	357.00210833054285
27.150000000000002	358.283963422494
27.200000000000003	359.56809970163897
27.250000000000004	360.85451716082775
27.3	362.1432157929558
27.35	363.43419559096594
27.400000000000002	364.7274565478438
27.450000000000003	366.0229986566208
27.500000000000004	367.3208219103717
27.55	368.6209263022158
27.6	369.92331182531495
27.650000000000002	371.22797847287677
27.700000000000003	372.5349262381476
27.750000000000004	373.84415511441955
27.8	375.1556650950252
27.85	376.4694561733394
27.900000000000002	377.78552834277934
27.950000000000003	379.103881596802
28.000000000000004	380.424515928906
28.05	381.7474313326297
28.1	383.0726278015534
28.150000000000002	384.4001053292948
28.200000000000003	385.72986390951326
28.250000000000004	387.0619035359059
28.3	388.39622420220985
28.35	389.7328259022015
28.400000000000002	391.0717086296927
28.450000000000003	392.4128723785374
28.500000000000004	393.7563171426241
28.55	395.1020429158798
28.6	396.4500496922691
28.650000000000002	397.8003374657939
28.700000000000003	399.152906230491
28.750000000000004	400.5077559804352
28.8	401.86488670973625
28.85	403.22429841254143
28.900000000000002	404.58599108303093
28.950000000000003	405.9499647154225
29.000000000000004	407.3162193039679
29.05	408.6847548429524
29.1	410.0555713266986
29.150000000000002	411.4286687495614
29.200000000000003	412.8040471059294
29.250000000000004	414.18170639022566
29.3	415.5616465969067
29.35	416.9438677204616
29.400000000000002	418.3283697554124
29.450000000000003	419.71515269631465
29.500000000000004	421.104216537756
29.55	422.49556127435494
29.6	423.88918690076514
29.650000000000002	425.2850934116687
29.700000000000003	426.6832808017803
29.750000000000004	428.0837490658461
29.8	429.48649819864295
29.85	430.8915281949792
29.900000000000002	432.29883904969347
29.950000000000003	433.70843075765447
30.000000000000004	435.12030331376076
30.05	436.53445671294116
30.1	437.9508909501551
30.150000000000002	439.36960602038937
30.200000000000003	440.79060191866114
30.250000000000004	442.21387864001736
30.3	443.63943617953186
30.35	445.0672745323092
30.400000000000002	446.49739369348157
30.450000000000003	447.92979365820867
30.500000000000004	449.3644744216795
30.55	450.80143597910836
30.6	452.2406783257396
30.650000000000002	453.6822014568451
30.700000000000003	455.126005367722
30.750000000000004	456.57209005369543
30.8	458.0204555101177
30.85	459.471101732367
30.900000000000002	460.9240287158483
30.950000000000003	462.37923645599227
31.000000000000004	463.83672494825805
31.05	465.29649418812653
31.1	466.7585441711071
31.150000000000002	468.2228748927341
31.200000000000003	469.6894863485669
31.250000000000004	471.1583785341903
31.3	472.629551445214
31.35	474.10300507727203
31.400000000000002	475.5787394260231
31.450000000000003	477.05675448715044
31.500000000000004	478.53705025636344
31.55	480.0196267293913
31.6	481.50448390199034
31.650000000000002	482.9916217699412
31.700000000000003	484.4810403290465
31.750000000000004	485.97273957513016
31.8	487.46671950404476
31.85	488.96298011166164
31.900000000000002	490.46152139387715
31.950000000000003	491.96234334660744
32.	493.46544596579537
32.05	494.9708292474049
32.1	496.4784931874201
32.15	497.98843778184926
32.2	499.500663026723
32.25	501.01516891809246
32.3	502.5319554520296
32.35	504.0510226246334
32.4	505.572370432016
32.45	507.095998870316
32.5	508.62190793569226
32.55	510.15009762432516
32.6	511.68056793241425
32.65	513.21331885618
32.699999999999996	514.7483503918656
32.75	516.2856625357321
32.8	517.825255284061
32.85	519.3671286331553
32.9	520.9112825793381
32.949999999999996	522.4577171189496
33.	524.0064322483545
33.05	525.5574279639318
33.1	527.1107042620825
33.15	528.6662611392279
33.199999999999996	530.2240985918074
33.25	531.784216616279
33.3	533.3466152091182
33.35	534.9112943668252
33.4	536.4782540859107
33.449999999999996	538.04749436291
33.5	539.6190151943752
33.55	541.1928165768757
33.6	542.7688985069994
33.65	544.3472609813546
33.699999999999996	545.9279039965627
33.75	547.5108275492682
33.8	549.0960316361292
33.85	550.6835162538242
33.9	552.2732813990469
33.949999999999996	553.865327068511
34.	555.459653258945
34.05	557.056259967095
34.1	558.6551471897271
34.15	560.2563149236186
34.199999999999996	561.8597631655676
34.25	563.4654919123897
34.3	565.0735011609136
34.35	566.6837909079889
34.4	568.2963611504756
34.449999999999996	569.9112118852557
34.5	571.5283431092232
34.55	573.1477548192921
34.6	574.7694470123889
34.65	576.3934196854561
34.699999999999996	578.0196728354564
34.75	579.6482064593619
34.8	581.2790205541637
34.85	582.9121151168691
34.9	584.5474901444962
34.949999999999996	586.1851456340847
35.	587.8250815826866
35.05	589.4672979873661
35.1	591.1117948452053
35.15	592.7585721533023
35.199999999999996	594.407629908767
35.25	596.0589681087272
35.3	597.7125867503212
35.35	599.3684858307045
35.4	601.0266653470466
35.449999999999996	602.6871252965313
35.5	604.3498656763583
35.55	606.0148864837355
35.6	607.6821877158922
35.65	609.3517693700667
35.699999999999996	611.023631443514
35.75	612.6977739335013
35.8	614.3741968373084
35.85	616.052900152234
35.9	617.7338838755816
35.949999999999996	619.4171480046749
36.	621.1026925368509
36.05	622.7905174694556
36.1	624.4806227998502
36.15	626.1730085254113
36.199999999999996	627.8676746435258
36.25	629.5646211515921
36.3	631.2638480470262
36.35	632.9653553272556
36.4	634.6691429897156
36.449999999999996	636.3752110318596
36.5	638.0835594511499
36.55	639.794188245064
36.6	641.5070974110916
36.65	643.2222869467338
36.699999999999996	644.9397568495015
36.75	646.6595071169246
36.8	648.3815377465355
36.85	650.1058487358883
36.9	651.8324400825427
36.949999999999996	653.5613117840707
37.	655.2924638380596
37.05	657.0258962421057
37.1	658.7616089938176
37.15	660.4996020908145
37.199999999999996	662.2398755307289
37.25	663.9824293112038
37.3	665.7272634298936
37.35	667.4743778844647
37.4	669.2237726725932
37.449999999999996	670.9754477919665
37.5	672.7294032402855
37.55	674.4856390152592
37.6	676.2441551146089
37.65	678.004951536067
37.699999999999996	679.7680282773781
37.75	681.533385336293
37.8	683.301022710576
37.85	685.0709403980062
37.9	686.8431383963634
37.949999999999996	688.6176167034494
38.	690.3943753170668
38.05	692.1734142350331
38.1	693.954733455178
38.15	695.7383329753364
38.199999999999996	697.5242127933578
38.25	699.3123729071001
38.3	701.1028133144291
38.35	702.8955340132246
38.4	704.6905350013732
38.449999999999996	706.4878162767741
38.5	708.2873778373361
38.55	710.0892196809748
38.6	711.8933418056179
38.65	713.6997442092023
38.699999999999996	715.5084268896748
38.75	717.3193898449912
38.8	719.1326330731173
38.85	720.9481565720283
38.9	722.7659603397078
38.95	724.586044374152
39.	726.4084086733604
39.05	728.2330532353478
39.1	730.0599780581355
39.15	731.8891831397539
39.2	733.7206684782436
39.25	735.5544340716501
39.3	737.3904799180352
39.35	739.2288060154639
39.4	741.0694123620118
39.45	742.9122989557618
39.5	744.7574657948089
39.55	746.6049128772532
39.6	748.4546402012088
39.65	750.3066477647902
39.7	752.160935566127
39.75	754.0175036033576
39.8	755.8763518746232
39.85	757.7374803780782
39.9	759.6008891118843
39.95	761.4665780742132
40.	763.3345472632378
40.05	765.2047966771474
40.1	767.0773263141384
40.15	768.9521361724109
40.2	770.8292262501777
40.25	772.7085965456557
40.3	774.5902470570727
40.35	776.4741777826615
40.4	778.3603887206677
40.45	780.24887986934
40.5	782.1396512269383
40.55	784.0327027917261
40.6	785.928034561979
40.65	787.8256465359791
40.7	789.7255387120135
40.75	791.6277110883824
40.8	793.5321636633877
40.85	795.4388964353409
40.9	797.3479094025637
40.95	799.2592025633816
41.	801.1727759161276
41.05	803.0886294591469
41.1	805.0067631907853
41.15	806.9271771093989
41.2	808.8498712133539
41.25	810.7748455010197
41.3	812.7020999707717
41.35	814.631634620997
41.4	816.5634494500895
41.45	818.4975444564445
41.5	820.4339196384699
41.55	822.37257499458
41.6	824.3135105231931
41.65	826.2567262227356
41.7	828.2022220916429
41.75	830.149998128354
41.8	832.1000543313157
41.85	834.0523906989855
41.9	836.007007229822
41.95	837.9639039222893
42.	839.9230807748656
42.05	841.8845377860325
42.1	843.8482749542736
42.15	845.8142922780853
42.2	847.782589755966
42.25	849.7531673864245
42.3	851.72602516797
42.35	853.7011630991258
42.4	855.6785811784157
42.45	857.6582794043738
42.5	859.6402577755363
42.55	861.6245162904494
42.6	863.6110549476614
42.65	865.5998737457343
42.7	867.5909726832258
42.75	869.5843517587097
42.8	871.5800109707592
42.85	873.5779503179574
42.9	875.578169798888
42.95	877.5806694121485
43.	879.5854491563351
43.05	881.5925090300576
43.1	883.6018490319245
43.15	885.6134691605512
43.2	887.6273694145622
43.25	889.6435497925886
43.3	891.6620102932603
43.35	893.6827509152232
43.4	895.7057716571189
43.45	897.7310725175984
43.5	899.7586534953241
43.55	901.7885145889537
43.6	903.8206557971571
43.65	905.8550771186111
43.7	907.8917785519917
43.75	909.9307600959864
43.8	911.9720217492854
43.85	914.0155635105849
43.9	916.0613853785841
43.95	918.109487351991
44.	920.1598694295192
44.05	922.2125316098848
44.1	924.2674738918117
44.15	926.3246962740274
44.2	928.3841987552652
44.25	930.445981334263
44.3	932.5100440097663
44.35	934.5763867805236
44.4	936.645009645288
44.45	938.7159126028181
44.5	940.7890956518803
44.55	942.8645587912436
44.6	944.9423020196824
44.65	947.0223253359743
44.7	949.1046287389065
44.75	951.1892122272648
44.8	953.2760757998477
44.85	955.365219455452
44.9	957.456643192881
44.95	959.5503470109464
45.	961.6463309084587