1.	1.
1.1	1.1680241288594857
1.2	1.3460286474156722
1.3	1.5337764829309213
1.4	1.7310648586366955
1.5	1.9377184277293666
1.6	2.1535841348925135
1.7000000000000002	2.3785272912779813
1.8	2.6124285228487985
1.9	2.8551813607510397
2.	3.1066903125049325
2.1	3.3668692992506117
2.2	3.635640375787155
2.3	3.9129326719687025
2.4000000000000004	4.198681509431535
2.5	4.492827658693818
2.6	4.795316709742528
2.7	5.106098535194593
2.8	5.425126829593798
2.9000000000000004	5.752358711798462
3.	6.087754380015634
3.1	6.431276811051159
3.2	6.782891496918234
3.3000000000000003	7.142566213188396
3.4000000000000004	7.510270814453064
3.5	7.885977053054092
3.6	8.269658417877336
3.7	8.661289990519744
3.8000000000000003	9.060848316561765
3.9000000000000004	9.468311290024161
4.	9.883658049373167
4.1	10.30686888367633
4.2	10.73792514770879
4.300000000000001	11.17680918497684
4.4	11.62350425776451
4.5	12.07799448342755
4.6	12.540264776259484
4.7	13.01030079434039
4.800000000000001	13.4880888908509
4.9	13.973616069399197
5.	14.466869942959024
5.1000000000000005	14.967838696067902
5.2	15.47651104997122
5.3	15.992876230435602
5.4	16.516923937984437
5.5	17.04864432033544
5.6000000000000005	17.588027946843496
5.7	18.135065784773296
5.800000000000001	18.68974917724268
5.9	19.25206982269615
6.	19.822019755778843
6.1000000000000005	20.399591329498136
6.2	20.984777198565755
6.300000000000001	21.577570303828686
6.4	22.177963857701673
6.5	22.78595133052418
6.6000000000000005	23.40152643777165
6.7	24.024683128055997
6.800000000000001	24.655415571857173
6.9	25.293718150932506
7.	25.93958544835429
7.1000000000000005	26.59301223913087
7.2	27.253993481370944
7.300000000000001	27.922524307952195
7.4	28.598600018660527
7.5	29.282216072768406
7.6000000000000005	29.973368082020677
7.7	30.67205180400418
7.800000000000001	31.37826313587392
7.9	32.091998108412476
8.	32.8132528804037
8.100000000000001	33.54202373329812
8.2	34.27830706615441
8.3	35.02209939083713
8.4	35.773397327458085
8.5	36.53219760004468
8.600000000000001	37.298497032421274
8.7	38.072292544293425
8.8	38.8535811475212
8.9	39.642359942569534
9.	40.438626115129765
9.1	41.24237693289742
9.200000000000001	42.05360974250127
9.3	42.872321966573914
9.4	43.698511100955514
9.5	44.53217471202475
9.6	45.37331043414906
9.700000000000001	46.221915967248144
9.8	47.07798907446521
9.9	47.941527579939475
10.	48.812529366674454
10.1	49.69099237449963
10.200000000000001	50.57691459811627
10.3	51.470294085227614
10.4	52.371128934746636
10.5	53.279417295077145
10.600000000000001	54.19515736246753
10.700000000000001	55.118347379430055
10.8	56.04898563322453
10.9	56.987070454403444
11.	57.93260021541389
11.100000000000001	58.8855733292565
11.200000000000001	59.845988248194544
11.3	60.81384346251512
11.4	61.789137499338764
11.5	62.771868921471665
11.600000000000001	63.762036326304894
11.700000000000001	64.75963834475282
11.8	65.76467364023328
11.9	66.7771409076832
12.	67.79703887261361
12.100000000000001	68.82436629019698
12.200000000000001	69.8591219443877
12.3	70.90130464707735
12.4	71.95091323727577
12.5	73.00794658032612
12.600000000000001	74.0724035671431
12.700000000000001	75.14428311348153
12.8	76.22358415923013
12.9	77.31030566772587
13.	78.40444662509806
13.100000000000001	79.5060060396304
13.200000000000001	80.61498294114611
13.3	81.73137638041389
13.4	82.85518542857561
13.5	83.98640917658747
13.600000000000001	85.12504673468796
13.700000000000001	86.27109723187553
13.8	87.42455981540911
13.9	88.58543365032153
14.	89.75371791894959
14.100000000000001	90.92941182047961
14.200000000000001	92.11251457050801
14.3	93.30302540061352
14.4	94.50094355794619
14.5	95.70626830482657
14.600000000000001	96.91899891835928
14.700000000000001	98.13913469005605
14.8	99.36667492547508
14.9	100.6016189438649
15.	101.8439660778255
15.100000000000001	103.0937156729746
15.200000000000001	104.35086708762942
15.3	105.61541969249123
15.4	106.88737287034469
15.5	108.16672601576511
15.600000000000001	109.45347853483187
15.700000000000001	110.74762984485321
15.8	112.04917937409716
15.9	113.3581265615304
16.	114.67447085656762
16.1	115.99821171882199
16.200000000000003	117.32934861786867
16.3	118.66788103301246
16.4	120.01380845306156
16.5	121.36713037611017
16.6	122.72784630932263
16.700000000000003	124.09595576872965
16.8	125.4714582790227
16.9	126.85435337336236
17.	128.2446405931869
17.1	129.6423194880243
17.2	131.0473896153146
17.3	132.45985054023518
17.400000000000002	133.8797018355264
17.5	135.30694308133084
17.6	136.7415738650245
17.7	138.18359378106797
17.8	139.63300243084547
17.900000000000002	141.08979942252074
18.	142.55398437088817
18.1	144.02555689723485
18.2	145.5045166291981
18.3	146.99086320063518
18.400000000000002	148.48459625149118
18.5	149.98571542767044
18.6	151.4942203809111
18.7	153.0101107686689
18.8	154.5333862539928
18.900000000000002	156.0640465054137
19.	157.6020911968318
19.1	159.14752000740356
19.2	160.70033262144239
19.3	162.2605287283022
19.400000000000002	163.82810802229105
19.5	165.40307020255815
19.6	166.98541497300573
19.7	168.57514204219098
19.8	170.17225112323334
19.900000000000002	171.77674193372874
20.	173.3886141956552
20.1	175.00786763529433
20.200000000000003	176.63450198313936
20.3	178.26851697382298
20.400000000000002	179.90991234602947
20.5	181.5586878424196
20.6	183.21484320955602
20.700000000000003	184.8783781978257
20.8	186.54929256137098
20.900000000000002	188.22758605801604
21.	189.9132584491948
21.1	191.60630949989226
21.200000000000003	193.3067389785672
21.3	195.01454665709386
21.400000000000002	196.72973231069838
21.5	198.4522957178947
21.6	200.18223666042428
21.700000000000003	201.9195549231987
21.8	203.66425029424192
21.900000000000002	205.4163225646295
22.	207.1757715284398
22.1	208.94259698269224
22.200000000000003	210.71679872730363
22.3	212.49837656502476
22.400000000000002	214.28733030140262
22.5	216.08365974472005
22.6	217.88736470595143
22.700000000000003	219.69844499871746
22.8	221.51690043923497
22.900000000000002	223.34273084627296
23.	225.17593604110678
23.1	227.01651584747884
23.200000000000003	228.8644700915496
23.3	230.71979860186107
23.400000000000002	232.58250120929168
23.5	234.45257774701938
23.6	236.33002805048233
23.700000000000003	238.2148519573386
23.8	240.10704930742799
23.900000000000002	242.00661994273784
24.	243.9135637073659
24.1	245.82788044748332
24.200000000000003	247.74957001130176
24.3	249.67863224904025
24.400000000000002	251.6150670128896
24.5	253.55887415697788
24.6	255.5100535373468
24.700000000000003	257.4686050119097
24.8	259.4345284404306
24.900000000000002	261.40782368448436
25.	263.38849060743655
25.1	265.37652907440736
25.200000000000003	267.371938952248
25.3	269.37472010950984
25.400000000000002	271.3848724164179
25.5	273.4023957448453
25.6	275.42728996828663
25.700000000000003	277.45955496182984
25.8	279.4991906021322
25.900000000000002	281.5461967673989
26.	283.600573337356
26.1	285.66232019322405
26.200000000000003	287.73143721769856
26.3	289.80792429492755
26.400000000000002	291.8917813104828
26.5	293.983008151347
26.6	296.0816047058821
26.700000000000003	298.18757086381913
26.8	300.30090651622737
26.900000000000002	302.42161155549894
27.	304.5496858753288
27.1	306.6851293706894
27.200000000000003	308.82794193782263
27.3	310.978123474206
27.400000000000002	313.1356738785484
27.5	315.30059305076264
27.6	317.47288089194626
27.700000000000003	319.65253730437615
27.8	321.83956219147325
27.900000000000002	324.0339554578002
28.	326.2357170090367
28.1	328.4448467519679
28.200000000000003	330.6613445944636
28.3	332.88521044546286
28.400000000000002	335.1164442149639
28.5	337.3550458140033
28.6	339.6010151546422
28.700000000000003	341.85435214995374
28.8	344.11505671400266
28.900000000000002	346.3831287618364
29.	348.65856820947266
29.1	350.94137497387874
29.200000000000003	353.231548972964
29.3	355.529090125563
29.400000000000002	357.8339983514249
29.5	360.14627357119656
29.6	362.4659157064167
29.700000000000003	364.7929246794954
29.8	367.12730041370855
29.900000000000002	369.4690428331846
30.	371.81815186288634
30.1	374.1746274286054
30.200000000000003	376.53846945695415
30.3	378.9096778753485
30.400000000000002	381.28825261198904
30.5	383.6741935958711
30.6	386.0675007567562
30.700000000000003	388.4681740251725
30.8	390.8762133323939
30.900000000000002	393.2916186104379
31.	395.7143897920513
31.1	398.144526810706
31.200000000000003	400.58202960058185
31.3	403.0268980965641
31.400000000000002	405.47913223422927
31.5	407.93873194983485
31.6	410.4056971803154
31.700000000000003	412.8800278632709
31.8	415.36172393695915
31.900000000000002	417.85078534028
32.	420.34721201277944
32.1	422.85100389463486
32.2	425.3621609266371
32.3	427.88068305020556
32.400000000000006	430.40657020735205
32.5	432.9398223406974
32.6	435.4804393934508
32.7	438.02842130940365
32.8	440.5837680329225
32.900000000000006	443.1464795089472
33.	445.7165556829716
33.1	448.2939965010502
33.2	450.8788019097834
33.300000000000004	453.4709718563036
33.4	456.0705062882887
33.5	458.67740515393956
33.6	461.2916684019707
33.7	463.913295981612
33.800000000000004	466.54228784260545
33.9	469.1786439351912
34.	471.8223642100998
34.1	474.4734486185576
34.2	477.1318971122652
34.300000000000004	479.7977096433993
34.4	482.47088616462037
34.5	485.15142662903276
34.6	487.83933099021755
34.7	490.5345992021972
34.800000000000004	493.2372312194465
34.9	495.9472269968823
35.	498.66458648986116
35.1	501.3893096541606
35.2	504.1213964459983
35.300000000000004	506.86084682200317
35.4	509.60766073922076
35.5	512.3618381551175
35.6	515.1233790275506
35.7	517.8922833147902
35.800000000000004	520.668550975501
35.9	523.4521819687337
36.	526.2431762539288
36.1	529.0415337909155
36.2	531.8472545398954
36.300000000000004	534.6603384614393
36.4	537.4807855164977
36.5	540.3085956663767
36.6	543.1437688727474
36.7	545.986305097636
36.800000000000004	548.8362043034228
36.9	551.6934664528354
37.	554.5580915089415
37.1	557.4300794351557
37.2	560.3094301952209
37.300000000000004	563.1961437532208
37.4	566.0902200735604
37.5	568.9916591209789
37.6	571.9004608605209
37.7	574.8166252575629
37.800000000000004	577.7401522777927
37.9	580.6710418871984
38.	583.6092940520842
38.1	586.5549087390592
38.2	589.5078859150248
38.300000000000004	592.4682255471806
38.4	595.4359276030294
38.5	598.4109920503465
38.6	601.393418857203
38.7	604.383207991962
38.800000000000004	607.3803594232483
38.9	610.3848731199791
39.	613.3967490513418
39.1	616.4159871867857
39.2	619.4425874960439
39.300000000000004	622.4765499491034
39.400000000000006	625.5178745162183
39.5	628.5665611678941
39.6	631.622609874907
39.7	634.6860206082777
39.800000000000004	637.7567933392736
39.900000000000006	640.834928039419
40.	643.9204246804844