0.55	1.32680049106445	2.16258
0.555	1.3465552266986842	2.16258
0.56	1.3664217600792357	2.16258
0.5650000000000001	1.3863998305485474	2.16258
0.5700000000000001	1.4064891970918205	2.16258
0.5750000000000001	1.4266896258857313	2.16258
0.5800000000000001	1.4470009004001518	2.16258
0.5850000000000001	1.4674228146320365	2.16258
0.5900000000000001	1.4879551731375475	2.16258
0.5950000000000001	1.5085977899827434	2.16258
0.6000000000000001	1.529350487744668	2.16258
0.6050000000000001	1.550213096566644	2.16258
0.6100000000000001	1.5711853652904424	2.16258
0.6150000000000001	1.5922669261172457	2.16258
0.6200000000000001	1.6134587860931935	2.16258
0.6250000000000001	1.6347594620890757	2.16258
0.63	1.6561692843629547	2.16258
0.635	1.6776881118922082	2.16258
0.64	1.6993158062501001	2.16258
0.645	1.7210522311255816	2.16258
0.65	1.7428972518954697	2.16258
0.655	1.7648507352463578	2.16258
0.66	1.7869125488434496	2.16258
0.665	1.8090921507224396	2.16258
0.67	1.8313606406492031	2.16258
0.675	1.8537466567008274	2.16258
0.68	1.876240478304172	2.16258
0.685	1.8988419744898712	2.16258
0.6900000000000001	1.9215510141022734	2.16258
0.6950000000000001	1.9443674657149064	2.16258
0.7000000000000001	1.967291197569627	2.16258
0.7050000000000001	1.9903220775371644	2.16258
0.7100000000000001	2.013459973096416	2.16258
0.7150000000000001	2.036704751330296	2.16258
0.7200000000000001	2.0600562789360115	2.16258
0.7250000000000001	2.0835144222476814	2.16258
0.7300000000000001	2.107079047269535	2.16258
0.7350000000000001	2.130750008288749	2.16258
0.7400000000000001	2.1545272050706497	2.16258
0.7450000000000001	2.1784104686220225	2.16258
0.75	2.2023996755426536	2.16258
0.755	2.226494690942547	2.16258
0.76	2.2506953799365546	2.16258
0.765	2.2750016077113404	2.16258
0.77	2.2994132395929436	2.16258
0.775	2.323930141114256	2.16258
0.78	2.348552178081873	2.16258
0.785	2.3732792166416563	2.16258
0.79	2.3981111233426695	2.16258
0.795	2.4230498316523255	2.16258
0.8	2.4480890097497903	2.16258
0.805	2.4732347251151676	2.16258
0.81	2.498484780051445	2.16258
0.8150000000000001	2.523839044001853	2.16258
0.8200000000000001	2.5492973871448155	2.16258
0.8250000000000001	2.5748597949853584	2.16258
0.8300000000000001	2.6005257956656163	2.16258
0.8350000000000001	2.626295605113045	2.16258
0.8400000000000001	2.6521689833810504	2.16258
0.8450000000000001	2.678145803877483	2.16258
0.8500000000000001	2.7042259423836934	2.16258
0.8550000000000001	2.730409275313463	2.16258
0.8600000000000001	2.756695680090545	2.16258
0.8650000000000001	2.7830850351698264	2.16258
0.8700000000000001	2.80957721952726	2.16258
0.8750000000000001	2.8361721153197608	2.16258
0.8800000000000001	2.8628696026112976	2.16258
0.8850000000000001	2.889669564578966	2.16258
0.8900000000000001	2.91657188534384	2.16258
0.8950000000000001	2.94357628563264	2.16258
0.9000000000000001	2.9706831434328094	2.16258
0.9050000000000001	2.99789185409295	2.16258
0.91	3.025202469855866	2.16258
0.915	3.0526188316688865	2.16258
0.92	3.080128975482892	2.16258
0.925	3.1077446475378405	2.16258
0.93	3.135461789071594	2.16258
0.935	3.1632802939593185	2.16258
0.9400000000000001	3.1912000571791133	2.16258
0.9450000000000001	3.2192209748056055	2.16258
0.9500000000000001	3.2473429440026225	2.16258
0.9550000000000001	3.275565863015195	2.16258
0.9600000000000001	3.3038896311608212	2.16258
0.9650000000000001	3.332314268942986	2.16258
0.9700000000000001	3.3608393174270987	2.16258
0.9750000000000001	3.3894650394586523	2.16258
0.9800000000000001	3.418191218423953	2.16258
0.9850000000000001	3.4470177588533466	2.16258
0.99	3.4759445662869104	2.16258
0.995	3.504971547262847	2.16258
1.	3.5340986093055635	2.16258
1.005	2.3533938067840676	1.6805298447450219
1.01	1.9497068271449234	1.4905610113988181
1.015	1.7800609506513283	1.402794891367475
1.02	1.6629441550710096	1.3388691438236064
1.025	1.5717617069421645	1.2870219231580389
1.03	1.499155158084992	1.2441130429022704
1.035	1.4373575746094416	1.2064938053716594
1.04	1.384286637070948	1.1732490774971183
1.045	1.3378754712083307	1.1434105650722408
1.05	1.2968398436197655	1.1163750434386333
1.055	1.26015258941565	1.0916483220561997
1.06	1.227093910359226	1.0688815176473954
1.065	1.1970976541278129	1.0477960902277998
1.07	1.1696936061057983	1.0281566816618741
1.075	1.1445982718425087	1.0098229159476608
1.08	1.1214455830227503	0.9926055916978519
1.085	1.1000194893929223	0.9763936371824229
1.09	1.0801223307370071	0.9610838166725268
1.095	1.061574789417866	0.9465811617974043
1.1	1.0442419582653106	0.9328137311721147
1.105	1.0279971360833524	0.9197131078481188
1.1099999999999999	1.0127328296439486	0.9072206772642647
1.115	0.9983565130096397	0.8952854906557246
1.1199999999999999	0.9847387501403472	0.8838358343972833
1.125	0.9719528269584752	0.8729113890786742
1.13	0.9597911273366739	0.8623968010915193
1.135	0.9482461217397482	0.8522868089946366
1.1400000000000001	0.9372682786254819	0.842552888334229
1.145	0.9268130140310155	0.8331691604148781
1.1500000000000001	0.9168953741436596	0.8241426501692445
1.155	0.907433842597196	0.8154269580017979
1.16	0.8982061021497427	0.8068978420679083
1.1609999999999998	0.8981097080069446	0.8061644929385472
1.162	0.8947145580382546	0.8036122082118153
1.1629999999999998	0.8929272418858102	0.8019498361865401
1.1639999999999997	0.8933367650536307	0.801501684955223
1.1649999999999998	0.8894825541327338	0.7987034313487418
1.166	0.8878766409854703	0.7971477453910129
1.1669999999999998	0.8905292746449917	0.7979417927155937
1.168	0.8865547864530461	0.7950851524458697
1.1689999999999998	0.886506291229056	0.7943927927913265
1.1699999999999997	0.8899044386634014	0.7955950733356196
1.1709999999999998	0.8796307517813723	0.7892826311154069
1.172	0.8919489094113013	0.7953860593758785
1.1729999999999998	0.8881490822575029	0.7926427170068076
1.174	0.8746689031876771	0.7845815900741768
1.1749999999999998	0.9416758540661146	0.8202484500859414
1.1759999999999997	1.0012682633597547	0.8510017687860062
1.1769999999999998	1.0429676564718555	0.87183922239188
1.1779999999999997	1.0779799434583985	0.8889303715418115
1.1789999999999998	1.108625949240503	0.9035876666393071
1.18	1.1372			0.917028
1.2	1.5266175920552427	1.0802321826866847
1.22	1.8199743194097855	1.1832589994817266
1.24	2.0821235293978804	1.2640007670649602
1.26	2.327592990395089	1.3315107660846646
1.28	2.562458562873164	1.3898063941796717
1.3	2.7899306708556377	1.441133514372362
1.3199999999999998	3.0119465853750413	1.4869201388914237
1.3399999999999999	3.229782672689926	1.5281525501366056
1.3599999999999999	3.4443347827757584	1.5655522115931966
1.38	3.656262645311097	1.5996694771337976
1.4	3.8660708416078613	1.6309377157333356
1.42	4.074157264183905	1.6597067139422719
1.44	4.280843655741749	1.686264401065615
1.46	4.486395683935609	1.7108515955939883
1.48	4.6910366111272905	1.7336723751908802
1.5	4.894956886522266	1.7549015895000502
1.52	5.098321054220941	1.7746904428100527
1.54	5.301272842860119	1.7931707339499197
1.56	5.503938991944943	1.8104581378820468
1.58	5.706432180804796	1.8266547878943828
1.6	5.90885330735637	1.8418513371575502
1.6199999999999999	6.111293287299357	1.8561286258549141
1.64	6.3138344938407425	1.8695590447778816
1.66	6.516551923966337	1.8822076620242192
1.68	6.719514153871196	1.894133162452012
1.7	6.922784129785644	1.9053886374307327
1.72	7.126419828805764	1.9160222536558953
1.74	7.3304748159577935	1.9260778233400306
1.76	7.534998717601914	1.9355952932808564
1.7799999999999998	7.740037626758315	1.944611166675586
1.7999999999999998	7.945634452548699	1.9531588687755002
1.8199999999999998	8.151829223390203	1.9612690653336695
1.8399999999999999	8.358659351621176	1.9689699411285488
1.8599999999999999	8.56615986573207	1.97628744453222
1.88	8.774363615204726	1.9832455030492577
1.9	8.983301452039722	1.989866213917125
1.92	9.193002392328646	1.9961700131867333
1.94	9.403493760648365	2.002175826155443
1.96	9.614801319588063	2.0079012015783118
1.98	9.82694938634734	2.0133624317166765
2.	10.039960938037767	2.018574659979548
2.02	10.253857707069624	2.0235519776609023
2.04	10.468660267803347	2.028307511065258
2.06	10.684388115471364	2.032853500136538
2.08	10.901059738239509	2.037201369556203
2.1	11.118692683153773	2.041361793149574
2.12	11.33730361662399	2.045344752332071
2.14	11.556908380007476	2.0491595892347587
2.16	11.777522040789416	2.0528150550701105
2.18	11.999158939790686	2.0563193542307983
2.2	12.221832734787442	2.059680184556173
2.22	12.445556440877347	2.0629047741502093
2.24	12.67034246789349	2.065999915091031
2.2600000000000002	12.896202655129423	2.0689719943335874
2.2800000000000002	13.123148303613178	2.0718270220739834
2.3000000000000003	13.35119020614185	2.0745706578145526
2.3200000000000003	13.580338675265084	2.0772082343432032
2.3400000000000003	13.810603569388647	2.0797447798180646
2.3600000000000003	14.041994317151246	2.0821850381286278
2.3800000000000003	14.274519940212238	2.084533487686987
2.4000000000000004	14.508189074575231	2.086794358787282
2.42	14.743009990561953	2.0889716496578528
2.4400000000000004	14.978990611537396	2.0910691413181097
2.46	15.216138531480276	2.093090411341501
2.48	15.454461031486021	2.0950388466162937
2.5	15.693965095275216	2.0969176551868505
2.52	15.934657423784312	2.0987298772509804
2.54	16.176544448898746	2.1004783953813755
2.56	16.41963234639074	2.1021659440333695
2.58	16.66392704811554	2.10379511839544
2.6	16.909434253516633	2.105368382633987
2.62	17.156159440485418	2.10688807757926
2.64	17.404107875619925	2.1083564278953992
2.66	17.65328462391886	2.109775548773604
2.68	17.903694557950825	2.1111474521845093
2.7	18.155342366529116	2.112474052722325
2.72	18.408232562924393	2.113757173070989
2.74	18.662369492646576	2.11499854912002
2.7600000000000002	18.91775734081671	2.1161998347551068
2.7800000000000002	19.174400139160667	2.1173626063471462
2.8000000000000003	19.432301772641893	2.118488366960789
2.8200000000000003	19.69146598575769	2.1195785503024553
2.8400000000000003	19.95189638851937	2.1206345244259754
2.8600000000000003	20.213596462132585	2.1216575952125285
2.88	20.476569564396176	2.1226490096403836
2.9000000000000004	20.740818934837623	2.123609958858857
2.92	21.00634769959661	2.1245415810794688
2.9400000000000004	21.273158876074156	2.125444964296736
2.96	21.541255377357928	2.1263211488497107
2.9800000000000004	21.81064001643838	2.127171129834921
3.	22.08131551022463	2.127995859380199
3.02	22.353284483375283	2.128796248788711
3.04	22.626549471946216	2.12957317056103
3.06	22.901112926877214	2.130327460303706
3.08	23.17697721731254	2.131059918530799
3.1	23.454144633775314	2.131771312365628
3.12	23.73261739119569	2.1324623771486597
3.14	24.01239763180677	2.1331338179575163
3.16	24.29348742790842	2.1337863110443154
3.18	24.575888784511122	2.134420505195535
3.2	24.859603641863384	2.135037023019024
3.22	25.144633877870827	2.1356364621626063
3.24	25.430981310406057	2.136219396468099
3.2600000000000002	25.718647699526194	2.1367863770650795
3.2800000000000002	26.007634749589087	2.1373379334073066
3.3000000000000003	26.297944111284025	2.137874574255703
3.3200000000000003	26.589577383576213	2.1383967886106863
3.3400000000000003	26.882536115568424	2.1389050465968276
3.3600000000000003	27.17682180828766	2.13939980030267
3.38	27.47243591639408	2.139881484578019
3.4000000000000004	27.76937984982621	2.1403505177915263
3.42	28.06765497537112	2.140807302550222
3.44	28.367262618178305	2.1412522263837124
3.46	28.668204063207057	2.141685662394516
3.48	28.97048055661816	2.1421079698766805
3.5	29.27409330711126	2.1425194949043855
3.52	29.579043487207368	2.1429205708920676
3.54	29.885332234480522	2.1433115191275887
3.56	30.192960652744322	2.1436926492801525
3.58	30.501929813188415	2.144064259883911
3.6	30.81224075547375	2.1444266387989153
3.62	31.123894488783943	2.1447800636503835
3.64	31.43689199283912	2.145124802247573
3.66	31.751234218866028	2.145461112983094
3.68	32.06692209053866	2.1457892452140546
3.7	32.3839565048764	2.146109439625489
3.72	32.70233833311348	2.1464219285774546
3.74	33.022068421533085	2.146726936436247
3.7600000000000002	33.34314759227302	2.1470246798907984
3.7800000000000002	33.66557664409898	2.147315368254839
3.8000000000000003	33.989356353152786	2.1475992037556693
3.8200000000000003	34.3144874736693	2.1478763818100255
3.84	34.640970738671356	2.1481470912879335
3.8600000000000003	34.96880686063712	2.148411514764885
3.88	35.2979965321437	2.1486698287630674
3.9000000000000004	35.62854042648917	2.1489222039821465
3.92	35.96043919829067	2.149168805520064
3.9400000000000004	36.293693484062906	2.1494097930843967
3.96	36.62830390277545	2.1496453211946784
3.98	36.96427105638961	2.1498755393761004
4.	37.30159553037958	2.1501005923451197
4.0200000000000005	37.64027789423298	2.150320620187201
4.04	37.980318701932624	2.1505357585270843
4.0600000000000005	38.32171849242725	2.1507461386921194
4.08	38.66447779008062	2.150951887868704
4.1	39.00859710510774	2.1511531292523105
4.12	39.35407693399569	2.1513499821914164
4.14	39.7009177599123	2.1515425623255484
4.16	40.04912005309749	2.1517309817176864
4.18	40.39868427124369	2.1519153489813445
4.2	40.74961085986412	2.1520957694025884
4.22	41.10190025264887	2.1522723450571566
4.24	41.455552871805594	2.1524451749228346
4.26	41.810569128395485	2.1526143549875494
4.28	42.16694942265104	2.1527799783530193
4.3	42.524694144290315	2.15294213533451
4.32	42.883803672816086	2.1531009135565786
4.34	43.244278377807724	2.153256398045147
4.36	43.60611861920236	2.153408671316006
4.38	43.9693247475681	2.15355781345991
4.4	44.33389710436937	2.1537039022244477
4.42	44.69983602222049	2.153847013092721
4.44	45.06714182513504	2.153987219359098
4.46	45.435814828764904	2.1541245922020873
4.48	45.805855340633265	2.1542592007544497
4.5	46.177263660359344	2.1543911121707344
4.5200000000000005	46.550040079876254	2.154520391692217
4.54	46.92418488364387	2.1546471027095593
4.5600000000000005	47.29969834885097	2.154771306822961
4.58	47.67658074561774	2.1548930639003383
4.6	48.05483233718394	2.155012432133123
4.62	48.43445338009784	2.155129468090213
4.640000000000001	48.81544412439883	2.1552442267699403
4.66	49.19780481378921	2.155356761650016
4.68	49.58153568580716	2.155467124735869
4.7	49.96663697199021	2.155575366607121
4.72	50.35310889803619	2.1556815364624575
4.74	50.74095168396054	2.15578568216295
4.76	51.130165544242125	2.1558878502736807
4.78	51.52075068797607	2.15598808610414
4.8	51.91270731900919	2.1560864337469474
4.82	52.30603563608306	2.1561829361154734
4.84	52.70073583296559	2.156277634979954
4.86	53.096808098580034	2.1563705710024283
4.88	53.4942526171337	2.1564617837705264
4.9	53.89306956823854	2.1565513118299946
4.92	54.29325912703077	2.156639192716174
4.94	54.69482146428617	2.1567254629843755
4.96	55.097756746532546	2.1568101582392303
4.98	55.50206513616029	2.156893313163124
5.	55.907746791523856	2.156974961543461
5.0200000000000005	56.31480186704988	2.1570551362992862
5.04	56.723230513336645	2.157133869506872
5.06	57.13303287724524	2.157211192424338
5.08	57.54420910200223	2.1572871355157712
5.1	57.95675932728725	2.157361728474243
5.12	58.37068368932232	2.157435000244229
5.14	58.78598232095979	2.1575069790432377
5.16	59.20265535176659	2.1575776923827816
5.18	59.620702908104626	2.1576471670885975
5.2	60.040125113214835	2.1577154293202976
5.22	60.46092208729031	2.1577825045903065
5.24	60.88309394755306	2.1578484177822044
5.26	61.306640808330044	2.157913193168573
5.28	61.73156278112132	2.157976854428119
5.3	62.157859974672085	2.1580394246623995
5.32	62.58553249503814	2.158100926411912
5.34	63.01458044565379	2.158161381671737
5.36	63.44500392739602	2.158220811906701
5.38	63.87680303864293	2.158279238065934
5.4	64.30997787534159	2.158336680597224
5.42	64.74452853105943	2.158393159460627
5.44	65.18045509704721	2.1584486941419074
5.46	65.61775766229442	2.1585033036654395
5.48	66.05643631357924	2.158557006606657
5.5	66.49649113552944	2.158609821104339
5.52	66.93792221066776	2.1586617648722566
5.54	67.38072961946324	2.158712855210627
5.5600000000000005	67.82491344038382	2.1587631090172117
5.58	68.27047374994004	2.1588125427980036
5.6	68.71741062273429	2.1588611726776747
5.62	69.16572413150399	2.1589090144096446
5.64	69.61541434716992	2.158956083385933
5.66	70.06648133887339	2.159002394646595
5.68	70.51892517402176	2.159047962888957
5.7	70.97274591833053	2.159092802476652
5.72	71.42794363586063	2.159136927448192
5.74	71.88451838905813	2.1591803515254795
5.76	72.34247023879135	2.1592230881219443
5.78	72.80179924438937	2.1592651503505187
5.8	73.26250546367811	2.1593065510313707
5.82	73.72458895301241	2.159347302699334
5.84	74.18804976731448	2.1593874176112684
5.86	74.65288796010377	2.1594269077530375
5.88	75.11910358353073	2.1594657848464456
5.9	75.58669668840999	2.1595040603558764
5.92	76.05566732424846	2.159541745494774
5.94	76.5260155392788	2.1595788512319354
5.96	76.99774138048565	2.1596153882976403
5.98	77.47084489363414	2.1596513671895368
6.	77.9453261233038	2.159686798178551
6.02	78.42118511290738	2.159721691314339
6.04	78.8984219047234	2.1597560564308655
6.06	79.37703653992067	2.1597899031516543
6.08	79.85702905858423	2.1598232408949976
6.1	80.33839949973613	2.1598560788788848
6.12	80.82114790136534	2.1598884261259643
6.14	81.30527430044995	2.159920291468281
6.16	81.79077873297383	2.159951683551799
6.18	82.27766123395936	2.1599826108410265
6.2	82.76592183748264	2.160013081623308
6.22	83.25556057669625	2.1600431040130603
6.24	83.74657748384818	2.160072685955906
6.26	84.23897259030707	2.1601018352327577
6.28	84.73274592658136	2.160130559463699
6.3	85.22789752233038	2.160158866111712
6.32	85.7244274063963	2.16018676248654
6.34	86.22233560681194	2.1602142557481674
6.36	86.72162215082486	2.1602413529103814
6.38	87.2222870649125	2.160268060844202
6.4	87.72433037480059	2.1602943862811945
6.42	88.22775210547984	2.160320335816716
6.44	88.73255228122237	2.1603459159130844
6.46	89.23873092559317	2.1603711329025823
6.48	89.74628806147915	2.160395992990628
6.5	90.2552237110856	2.1604205022584435
6.52	90.76553789596943	2.1604446666661357
6.54	91.2772306370391	2.1604684920552804
6.5600000000000005	91.79030195457818	2.1604919841517316
6.58	92.30475186825866	2.1605151485682352
6.6	92.82058039714815	2.1605379908069144
6.62	93.33778755972969	2.160560516261849
6.64	93.85637337391233	2.1605827302214644
6.66	94.3763378570448	2.160604637870938
6.68	94.89768102592696	2.1606262442944533
6.7	95.42040289682146	2.1606475544774937
6.72	95.9445034854673	2.1606685733090245
6.74	96.46998280709096	2.160689305583642
6.76	96.99684087641418	2.160709756003615
6.78	97.52507770767511	2.1607299291810307
6.8	98.05469331462724	2.1607498296396552
6.82	98.58568771055533	2.1607694618169058
6.84	99.11806090828848	2.160788830065791
6.86	99.65181292020482	2.1608079386566885
6.88	100.1869437582464	2.160826791779173
6.9	100.72345343392395	2.160845393543741
6.92	101.26134195833167	2.160863747983563
6.94	101.80060934215327	2.160881859056109
6.96	102.34125559566867	2.160899730644773
6.9799999999999995	102.88328072876774	2.160917366560489
7.	103.42668475096093	2.1609347705433057
7.02	103.97146767137777	2.160951946263812
7.04	104.51762949878368	2.1609688973246644
7.06	105.06517024158549	2.160985627262037
7.08	105.61408990784265	2.161002139547043
7.1	106.16438850526639	2.161018437587015
7.12	106.71606604123693	2.1610345247269462
7.14	107.26912252280489	2.161050404250748
7.16	107.8235579567002	2.1610660793825343
7.18	108.3793723493418	2.161081553287878
7.2	108.93656570684064	2.1610968290750288
7.22	109.49513803500739	2.1611119097960736
7.24	110.05508933936211	2.1611267984481333
7.26	110.61641962513545	2.161141497974475
7.28	111.17912889728045	2.161156011265635
7.3	111.74321716047508	2.161170341160483
7.32	112.30868441913022	2.161184490447293
7.34	112.87553067739509	2.1611984618647817
7.36	113.44375593916341	2.161212258103103
7.38	114.01336020807693	2.1612258818048278
7.4	114.584343487536	2.1612393355659414
7.42	115.15670578069856	2.161252621936722
7.4399999999999995	115.7304470904892	2.161265743422728
7.46	116.30556741960694	2.161278702485675
7.48	116.88206677052432	2.161291501544288
7.5	117.45994514549851	2.161304142975209
7.52	118.03920254656865	2.1613166291137578
7.54	118.61983897557064	2.161328962254865
7.56	119.20185443413293	2.161341144653761
7.58	119.7852489236848	2.1613531785268276
7.6	120.37002244546305	2.161365066052365
7.62	120.95617500051121	2.1613768093713013
7.64	121.5437065896896	2.161388410587966
7.66	122.13261721367498	2.161399871770782
7.68	122.72290687296524	2.1614111949529606
7.7	123.31457556788757	2.16142238213323
7.72	123.90762329859695	2.1614334352764537
7.74	124.5020500650849	2.1614443563143277
7.76	125.09785586717899	2.1614551471460017
7.78	125.69504070455172	2.1614658096387096
7.8	126.29360457671454	2.161476345628343
7.82	126.89354748303509	2.1614867569201635
7.84	127.49486942272854	2.161497045289267
7.86	128.09757039486948	2.161507212481233
7.88	128.701650398388	2.1615172602126482
7.9	129.30710943208229	2.1615271901717126
7.92	129.9139474946091	2.1615370040186805
7.9399999999999995	130.5221645844991	2.161546703386487
7.96	131.1317607001521	2.1615562898812155
7.9799999999999995	131.74273583984947	2.1615657650826403
8.	132.35509000174082	2.1615751305446316
8.02	132.96882318386253	2.161584387795741
8.04	133.58393538413318	2.161593538339623
8.06	134.20042660035978	2.1616025836555273
8.08	134.81829683023585	2.16161152519871
8.1	135.43754607134719	2.1616203644009166
8.12	136.0581743211749	2.161629102670803
8.14	136.68018157709776	2.1616377413943644
8.16	137.30356783639255	2.161646281935348
8.18	137.92833309623768	2.161654725635659
8.2	138.5544773537169	2.1616630738157787
8.22	139.18200060582268	2.1616713277751507
8.24	139.81090284945435	2.161679488792546
8.26	140.44118408141995	2.161687558126434
8.28	141.07284429844574	2.1616955370154067
8.3	141.70588349717056	2.1617034266784683
8.32	142.34030167415372	2.161711228315451
8.34	142.9760988258693	2.1617189431072816
8.36	143.61327494871938	2.1617265722164323
8.38	144.25183003902808	2.161734116787169
8.4	144.89176409304298	2.1617415779458735
8.42	145.53307710693974	2.1617489568014077
8.44	146.17576907682593	2.1617562544454128
8.46	146.8198399987382	2.1617634719525896
8.48	147.46528986864894	2.1617706103810423
8.5	148.11211868246448	2.161777670772545
8.52	148.760326436024	2.1617846541527967
8.54	149.40991312511338	2.1617915615318033
8.56	150.06087874545068	2.1617983939040357
8.58	150.71322329269853	2.1618051522487844
8.6	151.36694676246483	2.161811837530407
8.62	152.02204915029947	2.1618184506985596
8.64	152.67853045169835	2.1618249926884814
8.66	153.33639066210762	2.161831464421242
8.68	153.9956297769207	2.1618378668039835
8.7	154.65624779148615	2.161844200730179
8.72	155.31824470109487	2.1618504670797845
8.74	155.98162050100268	2.161856666719628
8.76	156.6463751864114	2.161862800503481
8.78	157.31250875248512	2.16186886927237
8.8	157.98002119434096	2.161874873854772
8.82	158.64891250705946	2.1618808150668367
8.84	159.31918268567583	2.161886693712563
8.86	159.99083172518766	2.1618925105840305
8.879999999999999	160.66385962055864	2.161898266461638
8.899999999999999	161.3382663667142	2.161903962114253
8.919999999999998	162.01405195853764	2.1619095982993572
8.94	162.69121639089295	2.161915175763418
8.959999999999999	163.36975965859335	2.161920695241822
8.979999999999999	164.04968175643458	2.161926157459309
8.999999999999998	164.7309826791737	2.1619315631299667
9.02	165.41366242153887	2.1619369129574917
9.04	166.09772097822992	2.161942207635363
9.059999999999999	166.78315834391978	2.161947447846997
9.079999999999998	167.46997451325242	2.161952634265898
9.1	168.158169480847	2.1619577675558483
9.12	168.84774324129688	2.161962848371067
9.139999999999999	169.53869578917178	2.161967877356358
9.159999999999998	170.23102711901706	2.161972855147256
9.18	170.92473722535428	2.1619777823701933
9.2	171.6198261026879	2.1619826596426703
9.219999999999999	172.3162937455015	2.1619874875733642
9.239999999999998	173.01414014824968	2.16199226676227
9.26	173.71336530537764	2.1619969978008737
9.28	174.4139692113083	2.1620016812722773
9.299999999999999	175.11595186044872	2.1620063177513305
9.319999999999999	175.81931324718806	2.1620109078047736
9.34	176.5240533658991	2.1620154519913513
9.36	177.23017221093843	2.1620199508619495
9.379999999999999	177.9376697766445	2.162024404959707
9.399999999999999	178.6465460573531	2.1620288148202276
9.419999999999998	179.35680104737708	2.1620331809715574
9.44	180.06843474101717	2.1620375039344
9.459999999999999	180.78144713256722	2.1620417842222315
9.479999999999999	181.49583821630486	2.1620460223413693
9.499999999999998	182.2116079864956	2.162050218791117
9.52	182.92875643740254	2.162054374063889
9.54	183.64728356327154	2.1620584886453
9.559999999999999	184.36718935834253	2.162062563014248
9.579999999999998	185.08847381685035	2.1620665976430944
9.6	185.81113693301313	2.1620705929976505
9.62	186.5351787010505	2.1620745495374196
9.639999999999999	187.26059911517035	2.1620784677155798
9.659999999999998	187.98739816957752	2.162082347979145
9.68	188.7155758584697	2.16208619076905
9.7	189.44513217603725	2.1620899965202196
9.719999999999999	190.17606711646786	2.1620937656616914
9.739999999999998	190.9083806739457	2.1620974986167067
9.76	191.64207284265262	2.1621011958027907
9.78	192.37714361676146	2.1621048576318227
9.799999999999999	193.1135929904452	2.162108484510148
9.819999999999999	193.85142095787592	2.1621120768386675
9.84	194.59062751322273	2.1621156350129067
9.86	195.33121265065708	2.1621191594231206
9.879999999999999	196.07317636433967	2.1621226504543114
9.9	196.81651864843326	2.1621261084863574
9.92	197.56123949711295	2.162129533894159
9.94	198.30733890453712	2.1621329270475527
9.959999999999999	199.05481686487428	2.1621362883115336
9.98	199.80367337228626	2.1621396180462247
10.	200.55390842094755	2.1621429166070643
10.02	201.30552200501958	2.1621461843447323
10.04	202.05851411867977	2.1621494216053794
10.06	202.81288475609983	2.162152628730559
10.08	203.56863391145342	2.1621558060573793
10.1	204.325761578922	2.1621589539185346
10.12	205.08426775268134	2.162162072642364
10.14	205.8441524269261	2.162165162552997
10.16	206.60541559583663	2.1621682239702595
10.18	207.36805725360762	2.1621712572098946
10.2	208.1320773944414	2.162174262583553
10.22	208.89747601253717	2.16217724039885
10.24	209.66425310209848	2.1621801909594045
10.26	210.4324086573443	2.162183114564998
10.28	211.2019426724841	2.1621860115114737
10.3	211.97285514175312	2.1621888820909896
10.32	212.74514605936574	2.1621917265918387
10.34	213.51881541956823	2.1621945452987323
10.36	214.2938632166002	2.1621973384927147
10.379999999999999	215.07028944470696	2.16220010645124
10.4	215.84809409814886	2.1622028494482715
10.42	216.6272771711877	2.162205567754275
10.44	217.40783865809	2.162208261636284
10.459999999999999	218.18977855313744	2.1622109313579934
10.48	218.9730968506125	2.16221357717974
10.5	219.75779354481514	2.1622161993586255
10.52	220.54386863003694	2.162218798148455
10.54	221.33132210059216	2.1622213737998974
10.56	222.12015395080005	2.1622239265604923
10.58	222.91036417499274	2.1622264566746847
10.6	223.70195276749934	2.16222896438383
10.62	224.49491972266864	2.1622314499263227
10.64	225.28926503485258	2.1622339135375648
10.66	226.08498869841722	2.1622363554500623
10.68	226.8820907077337	2.1622387758934285
10.7	227.6805710571924	2.1622411750944615
10.72	228.4804297411794	2.1622435532771225
10.74	229.28166675409872	2.1622459106626377
10.76	230.0842820903689	2.1622482474695315
10.78	230.88827574440865	2.1622505639136125
10.799999999999999	231.69364771065463	2.1622528602080617
10.819999999999999	232.5003979835535	2.1622551365634615
10.839999999999998	233.30852655755726	2.162257393187809
10.86	234.118033427135	2.162259630286582
10.879999999999999	234.9289185867681	2.1622618480627604
10.899999999999999	235.74118203093735	2.162264046716827
10.919999999999998	236.55482375414442	2.1622662264468633
10.94	237.36984375090762	2.162268387448582
10.959999999999999	238.18624201574295	2.162270529915267
10.979999999999999	239.0040185431864	2.162272654037921
10.999999999999998	239.82317332778433	2.162274760005232
11.02	240.64370636409714	2.1622768480036316
11.04	241.46561764669377	2.1622789182173117
11.059999999999999	242.28890717015273	2.1622809708282373
11.079999999999998	243.11357492906944	2.1622830060162266
11.1	243.9396209180491	2.1622850239589386
11.12	244.76704513171236	2.162287024831936
11.139999999999999	245.59584756468712	2.1622890088086675
11.159999999999998	246.42602821161807	2.162290976060546
11.18	247.25758706716317	2.16229292675695
11.2	248.0905241259819	2.162294861065214
11.219999999999999	248.92483938276433	2.162296779150783
11.239999999999998	249.76053283220094	2.1622986811770706
11.26	250.59760446899273	2.1623005673055964
11.28	251.43605428786273	2.1623024376959936
11.299999999999999	252.27588228354713	2.162304292506033
11.319999999999999	253.11708845078167	2.1623061318915853
11.34	253.95967278433324	2.1623079560067735
11.36	254.803635278966	2.1623097650038545
11.379999999999999	255.64897592946372	2.162311559033347
11.399999999999999	256.49569473063013	2.1623133382440396
11.419999999999998	257.34379167727195	2.162315102782955
11.44	258.1932667642143	2.162316852795428
11.459999999999999	259.0441199862894	2.1623185884250944
11.479999999999999	259.89635133835526	2.1623203098139774
11.499999999999998	260.74996081527195	2.1623220171024213
11.52	261.6049484119167	2.1623237104291686
11.54	262.4613141231854	2.162325389931381
11.559999999999999	263.3190579439771	2.162327055744619
11.579999999999998	264.17817986921045	2.1623287080028977
11.6	265.038679893821	2.1623303468387296
11.62	265.90055801274843	2.162331972383074
11.639999999999999	266.76381422095795	2.1623335847654235
11.659999999999998	267.62844851341816	2.1623351841137897
11.68	268.4944608851235	2.162336770554752
11.7	269.3618513310627	2.1623383442134014
11.719999999999999	270.23061984625923	2.1623399052134724
11.739999999999998	271.10076642573875	2.1623414536772647
11.76	271.97229106454125	2.162342989725707
11.78	272.84519375772686	2.1623445134783723
11.799999999999999	273.71947450035816	2.162346025053471
11.82	274.5951332875273	2.162347524567921
11.84	275.472170114329	2.16234901213731
11.86	276.35058497587204	2.1623504878759023
11.879999999999999	277.230377867287	2.162351951896748
11.9	278.11154878370587	2.162353404311564
11.92	278.9940977202889	2.162354845230892
11.94	279.8780246722033	2.1623562747640106
11.959999999999999	280.76332963463176	2.1623576930189916
11.98	281.6500126027621	2.1623591001026883
12.	282.5380735718098	2.162360496120794
12.02	283.42751253699913	2.1623618811778496
12.04	284.3183294935685	2.162363255377225
12.06	285.2105244367615	2.162364618821109
12.08	286.10409736185824	2.1623659716106696
12.1	286.9990482641252	2.1623673138458575
12.12	287.8953771388606	2.162368645625588
12.14	288.79308398137925	2.162369967047694
12.16	289.6921687869933	2.1623712782089117
12.18	290.59263155104406	2.1623725792049426
12.2	291.4944722688803	2.162373870130441
12.22	292.3976909358646	2.1623751510790212
12.24	293.3022875473789	2.1623764221433075
12.26	294.20826209881665	2.162377683414913
12.28	295.11561458557816	2.162378934984423
12.3	296.0243450030859	2.1623801769414883
12.32	296.9344533467729	2.162381409374771
12.34	297.8459396120891	2.162382632371989
12.36	298.75880379450496	2.1623838460199285
12.379999999999999	299.6730458894813	2.1623850504043967
12.4	300.58866589251903	2.1623862456103304
12.42	301.50566379911356	2.1623874317217195
12.44	302.42403960479635	2.1623886088217192
12.459999999999999	303.34379330508995	2.1623897769925238
12.48	304.2649248955435	2.162390936315482
12.5	305.1874343717143	2.1623920868710793
12.52	306.1113217291771	2.1623932287389467
12.54	307.0365869635222	2.1623943619978716
12.56	307.9632300703493	2.162395486725808
12.58	308.89125104527267	2.162396602999872
12.6	309.8206498839217	2.162397710896381
12.62	310.7514265819445	2.1623988104908554
12.64	311.68358113499016	2.162399901857988
12.66	312.6171135387337	2.1624009850717165
12.68	313.55202378886065	2.1624020602052054
12.7	314.48831188106533	2.1624031273308217
12.719999999999999	315.425977811066	2.1624041865202197
12.739999999999998	316.36502157458204	2.1624052378442618
12.759999999999998	317.3054431673524	2.1624062813730918
12.78	318.2472425851324	2.162407317176129
12.799999999999999	319.1904198236929	2.1624083453220755
12.819999999999999	320.1349748788056	2.1624093658788874
12.839999999999998	321.0809077462668	2.162410378913839
12.86	322.0282184218894	2.1624113844935358
12.879999999999999	322.97690690148556	2.1624123826838346
12.899999999999999	323.9269731808987	2.162413373549972
12.919999999999998	324.87841725596553	2.16241435715646
12.94	325.83123912255786	2.162415333567195
12.959999999999999	326.78543877654283	2.1624163028453767
12.979999999999999	327.7410162138141	2.162417265053591
12.999999999999998	328.69797143027006	2.1624182202537576
13.02	329.6563044218247	2.1624191685071676
13.04	330.61601518440887	2.1624201098744997
13.059999999999999	331.57710371396297	2.1624210444158023
13.079999999999998	332.53957000644215	2.1624219721905216
13.1	333.5034140578159	2.1624228932574865
13.12	334.4686358640566	2.1624238076749234
13.139999999999999	335.43523542116776	2.162424715500496
13.159999999999998	336.4032127251519	2.1624256167912583
13.18	337.37256777203635	2.162426511603715
13.2	338.3433005578491	2.162427399993774
13.219999999999999	339.31541107864086	2.162428282016797
13.239999999999998	340.28889933046435	2.1624291577275603
13.259999999999998	341.26376530939643	2.16243002718032
13.28	342.2400090115251	2.162430890428794
13.299999999999999	343.21763043295067	2.162431747526142
13.319999999999999	344.19662956977703	2.162432598524976
13.339999999999998	345.1770064181351	2.16243344347743
13.36	346.1587609741624	2.162434282435085
13.379999999999999	347.1418932340065	2.162435115449007
13.399999999999999	348.1264031938287	2.1624359425697586
13.419999999999998	349.11229084980823	2.162436763847412
13.44	350.09955619813354	2.1624375793315376
13.459999999999999	351.08819923500874	2.1624383890712116
13.479999999999999	352.0782199566413	2.16243919311502
13.499999999999998	353.0696183592587	2.1624399915110657
13.52	354.06239443910073	2.1624407843069924
13.54	355.05654819242477	2.162441571549982
13.559999999999999	356.05207961548444	2.162442353286717
13.579999999999998	357.0489887045651	2.1624431295634516
13.6	358.04727545595136	2.162443900425983
13.62	359.04693986594907	2.1624446659196486
13.639999999999999	360.04798193086987	2.1624454260893544
13.659999999999998	361.0504016470389	2.1624461809795665
13.68	362.0541990107934	2.1624469306342897
13.7	363.0593740184882	2.1624476750971557
13.719999999999999	364.0659266664912	2.1624484144113327
13.74	365.0738569511627	2.16244914861956
13.76	366.0831648689016	2.162449877764193
13.78	367.0938504161018	2.16245060188716
13.799999999999999	368.10591358918316	2.1624513210299976
13.82	369.11935438456345	2.16245203523383
13.84	370.1341727986783	2.162452744539378
13.86	371.15036882798205	2.1624534489869998
13.879999999999999	372.167942468925	2.1624541486166176
13.9	373.18689371798854	2.162454843467827
13.92	374.20722257164954	2.162455533579793
13.94	375.2289290264058	2.162456218991335
13.959999999999999	376.25201307876904	2.162456899740908
13.98	377.27647472524956	2.1624575758665596
14.	378.3023139623919	2.1624582474060405
14.02	379.32953078672364	2.1624589143966597
14.04	380.3581251948066	2.162459576875433
14.06	381.38809718321295	2.162460234879025
14.08	382.419446748512	2.162460888443713
14.1	383.4521738872897	2.162461537605434
14.12	384.4862785961637	2.16246218239986
14.14	385.52176087172893	2.1624628228622154
14.16	386.5586207106172	2.1624634590274723
14.18	387.5968581094617	2.1624640909302344
14.2	388.6364730649136	2.1624647186048085
14.219999999999999	389.67746557362636	2.1624653420851576
14.24	390.7198356322727	2.162465961404939
14.26	391.7635832375277	2.1624665765974638
14.28	392.8087083860958	2.1624671876957957
14.299999999999999	393.8552110746651	2.162467794732621
14.32	394.90309129996314	2.162468397740363
14.34	395.95234905870177	2.1624689967511084
14.36	397.0029843476312	2.162469591796698
14.379999999999999	398.05499716349607	2.1624701829086423
14.4	399.10838750305095	2.162470770118147
14.42	400.16315536306865	2.162471353456148
14.44	401.21930074032844	2.1624719329533075
14.459999999999999	402.2768236316222	2.1624725086399676
14.48	403.3357240337619	2.162473080546249
14.5	404.39600194354284	2.1624736487018974
14.52	405.4576573578096	2.1624742131365067
14.54	406.52069027337893	2.1624747738792918
14.56	407.5851006871106	2.1624753309592646
14.58	408.65088859585734	2.1624758844051644
14.6	409.7180539964839	2.162476434245424
14.62	410.786596885877	2.162476980508282
14.639999999999999	411.8565172609111	2.162477523221642
14.659999999999998	412.9278151184934	2.1624780624132236
14.679999999999998	414.000490455539	2.1624785981104693
14.7	415.07454326896385	2.1624791303405586
14.719999999999999	416.1499735556988	2.1624796591304305
14.739999999999998	417.22678131267617	2.1624801845067725
14.759999999999998	418.3049665368654	2.1624807064960714
14.78	419.3845292252156	2.1624812251245187
14.799999999999999	420.4654693747044	2.162481740418102
14.819999999999999	421.5477869823176	2.1624822524025773
14.839999999999998	422.63148204503676	2.1624827611034294
14.86	423.7165545598795	2.162483266545978
14.879999999999999	424.8030045238517	2.1624837687552594
14.899999999999999	425.89083193397533	2.1624842677561062
14.919999999999998	426.9800367872862	2.162484763573126
14.94	428.0706190808343	2.1624852562307186
14.959999999999999	429.162578811657	2.162485745753033
14.979999999999999	430.25591597683837	2.162486232164056
14.999999999999998	431.35063057344433	2.1624867154875096
15.02	432.44672259855196	2.1624871957469156
15.04	433.5441920492651	2.1624876729656184
15.059999999999999	434.6430389226785	2.162488147166704
15.079999999999998	435.74326321591883	2.162488618373112
15.1	436.84486492610006	2.1624890866075317
15.12	437.94784405034994	2.1624895518924556
15.139999999999999	439.0522005858208	2.1624900142502
15.159999999999998	440.15793452966903	2.162490473702895
15.18	441.26504587904066	2.1624909302724085
15.2	442.37353463112714	2.162491383980512
15.219999999999999	443.48340078309184	2.162491834848685
15.239999999999998	444.5946443321414	2.1624922828983184
15.259999999999998	445.7072652754678	2.162492728150533
15.28	446.8212636102822	2.162493170626305
15.299999999999999	447.93663933380986	2.162493610346425
15.319999999999999	449.0533924432704	2.162494047331487
15.339999999999998	450.1715229359062	2.1624944816019194
15.36	451.29103080897465	2.1624949131779796
15.379999999999999	452.4119160597165	2.1624953420797093
15.399999999999999	453.53417868541277	2.1624957683270383
15.419999999999998	454.65781868332664	2.16249619193965
15.44	455.7828360507517	2.1624966129371233
15.459999999999999	456.9092307849811	2.1624970313388343
15.479999999999999	458.03700288332345	2.162497447164006
15.499999999999998	459.1661523430766	2.1624978604316647
15.52	460.29667916157644	2.1624982711607057
15.54	461.428583336145	2.162498679369857
15.559999999999999	462.5618648641225	2.1624990850776586
15.579999999999998	463.69652374286756	2.162499488302534
15.6	464.8325599697342	2.162499889062727
15.62	465.9699735420819	2.1625002873763037
15.639999999999999	467.1087644572945	2.162500683261205
15.66	468.24893271274584	2.162501076735202
15.68	469.3904783058405	2.1625014678159316
15.7	470.53340123397743	2.162501856520868
15.719999999999999	471.67770149456555	2.1625022428673306
15.74	472.8233790850301	2.162502626872513
15.76	473.9704340027899	2.1625030085534234
15.78	475.11886624529006	2.162503387926961
15.799999999999999	476.2686758099745	2.162503765009879
15.82	477.41986269429907	2.162504139818787
15.84	478.5724268957231	2.162504512370132
15.86	479.72636841172016	2.1625048826802415
15.879999999999999	480.88168723977407	2.1625052507653075
15.9	482.03838337737034	2.162505616641375
15.92	483.1964568220004	2.162505980324359
15.94	484.3559075711835	2.1625063418300483
15.959999999999999	485.5167356224187	2.1625067011740717
15.98	486.6789409732435	2.1625070583719683
16.	487.8425236211752	2.1625074134391133
16.02	489.0074835637532	2.162507766390754
16.04	490.17382079853786	2.1625081172420524
16.06	491.3415353230713	2.162508466007979
16.08	492.5106271349283	2.162508812703444
16.1	493.68109623167163	2.162509157343179
16.12	494.8529426108861	2.1625094999418306
16.14	496.0261662701643	2.162509840513911
16.16	497.2007672070834	2.16251017907378
16.18	498.37674541928226	2.1625105156357733
16.2	499.5541009043383	2.162510850213978
16.22	500.7328336598901	2.162511182822465
16.24	501.9129436835667	2.162511513475144
16.259999999999998	503.0944309729971	2.162511842185829
16.28	504.27729552583133	2.1625121689682065
16.3	505.4615373397192	2.162512493835857
16.32	506.6471564123212	2.1625128168022507
16.34	507.8341527413059	2.162513137880737
16.36	509.0225263243509	2.162513457084575
16.38	510.2122771591377	2.1625137744268956
16.4	511.40340524335426	2.1625140899207245
16.419999999999998	512.5959105747115	2.162514403579013
16.44	513.7897931509012	2.162514715414549
16.46	514.9850529696492	2.1625150254400713
16.48	516.181690028663	2.162515333668159
16.5	517.3797043256901	2.162515640111368
16.52	518.5790958584598	2.162515944782075
16.54	519.7798646247171	2.1625162476925985
16.56	520.9820106222186	2.1625165488551503
16.58	522.185533848711	2.162516848281811
16.599999999999998	523.3904343019739	2.1625171459846158
16.619999999999997	524.5967119797831	2.1625174419754822
16.639999999999997	525.8043668799137	2.1625177362662136
16.66	527.0133990001505	2.1625180288685244
16.68	528.2238083383055	2.1625183197940667
16.7	529.4355948921734	2.1625186090543673
16.72	530.6487586595692	2.1625188966608646
16.74	531.8632996383046	2.1625191826248953
16.759999999999998	533.0792178262195	2.162519466957752
16.779999999999998	534.2965132211305	2.162519749670564
16.799999999999997	535.5151858208927	2.1625200307744508
16.82	536.7352356233448	2.1625203102803763
16.84	537.9566626263437	2.1625205881992495
16.86	539.1794668277516	2.1625208645418974
16.88	540.4036482254345	2.1625211393190265
16.9	541.6292068172747	2.1625214125413175
16.919999999999998	542.8561426011563	2.162521684219319
16.939999999999998	544.0844555749567	2.1625219543634895
16.959999999999997	545.3141457365847	2.162522222984245
16.98	546.5452130839403	2.1625224900918876
17.	547.7776576149392	2.1625227556966617
17.02	549.0114793274928	2.1625230198087064
17.04	550.2466782195295	2.162523282438092
17.06	551.4832542889693	2.1625235435947947
17.08	552.7212075337716	2.16252380328876
17.099999999999998	553.960537951872	2.1625240615298096
17.119999999999997	555.2012455412157	2.162524318327689
17.139999999999997	556.4433302997654	2.1625245736920893
17.16	557.686792225494	2.1625248276326157
17.18	558.9316313163614	2.162525080158786
17.2	560.1778475703605	2.1625253312800803
17.22	561.4254409854595	2.1625255810058546
17.24	562.6744115596672	2.162525829345433
17.259999999999998	563.9247592909702	2.162526076308048
17.279999999999998	565.1764841773828	2.1625263219028645
17.299999999999997	566.429586216908	2.1625265661389728
17.32	567.6840654075661	2.1625268090253873
17.34	568.9399217473879	2.1625270505710827
17.36	570.1971552344036	2.1625272907849338
17.38	571.4557658666538	2.16252752967576
17.4	572.7157536421682	2.16252776725229
17.419999999999998	573.9771185590123	2.16252800352322
17.439999999999998	575.2398606152301	2.1625282384971443
17.459999999999997	576.5039798088959	2.1625284721826272
17.48	577.769476138074	2.162528704588144
17.5	579.0363496008462	2.162528935722115
17.52	580.3046001952822	2.1625291655928716
17.54	581.5742279194878	2.1625293942087254
17.56	582.8452327715378	2.162529621577874
17.58	584.1176147495527	2.1625298477085075
17.599999999999998	585.3913738516319	2.1625300726087
17.62	586.6665100758827	2.162530296286501
17.64	587.9430234204331	2.1625305187498793
17.66	589.2209138834021	2.162530740006746
17.68	590.5001814629211	2.1625309600649554
17.7	591.7808261571349	2.162531178932311
17.72	593.0628479641881	2.162531396616554
17.74	594.3462468822188	2.162531613125331
17.759999999999998	595.6310229093984	2.162531828466304
17.78	596.9171760438667	2.1625320426469856
17.8	598.2047062838117	2.1625322556749174
17.82	599.4936136273994	2.1625324675575284
17.84	600.7838980728104	2.1625326783022176
17.86	602.0755596182267	2.1625328879163055
17.88	603.3685982618529	2.1625330964071
17.9	604.6630140018634	2.162533303781797
17.919999999999998	605.9588068364864	2.1625335100475995
17.94	607.2559767639075	2.1625337152115853
17.96	608.5545237823511	2.162533919280836
17.98	609.8544478900483	2.162534122262388
18.	611.1557490852208	2.1625343241631785
18.02	612.458427366079	2.1625345249901042
18.04	613.7624827308878	2.1625347247500364
18.06	615.0679151778775	2.162534923449774
18.08	616.3747247052951	2.1625351210960693
18.099999999999998	617.6829113114014	2.1625353176956272
18.12	618.9924749944524	2.1625355132551025
18.14	620.3034157527186	2.1625357077811036
18.16	621.615733584472	2.162535901280188
18.18	622.9294284879816	2.1625360937588494
18.2	624.2445004615238	2.162536285223539
18.22	625.560949503418	2.1625364756807115
18.24	626.8787756119233	2.1625366651366837
18.259999999999998	628.1979787853473	2.16253685359779
18.28	629.5185590220051	2.1625370410703106
18.3	630.8405163201927	2.162537227560449
18.32	632.1638506782419	2.162537413074407
18.34	633.488562094461	2.162537597618305
18.36	634.8146505671772	2.162537781198234
18.38	636.1421160947209	2.162537963820228
18.4	637.4709586754332	2.162538145490298
18.419999999999998	638.801178307644	2.1625383262143907
18.44	640.1327749897335	2.1625385059984574
18.46	641.4657487200117	2.162538684848301
18.48	642.8000994968628	2.1625388627697952
18.5	644.1358273186369	2.162539039768701
18.52	645.4729321837123	2.162539215850781
18.54	646.8114140904478	2.1625393910217015
18.56	648.1512730372468	2.162539565287171
18.580000000000002	649.4925090224662	2.16253973865276
18.6	650.835122044508	2.162539911124072
18.62	652.1791121017649	2.1625400827066343
18.64	653.5244791926394	2.162540253405955
18.66	654.8712233155223	2.1625404232274725
18.68	656.2193444688406	2.1625405921766174
18.7	657.5688426509971	2.1625407602587727
18.72	658.9197178604097	2.1625409274792604
18.740000000000002	660.2719700955092	2.162541093843401
18.76	661.625599354721	2.1625412593564457
18.78	662.980605636479	2.1625414240236283
18.8	664.3369889392266	2.1625415878501357
18.82	665.6947492613898	2.162541750841104
18.84	667.0538866014513	2.1625419130016805
18.86	668.4144009578348	2.1625420743369173
18.88	669.7762923290112	2.1625422348518613
18.900000000000002	671.1395607134491	2.162542394551525
18.92	672.5042061096008	2.1625425534408613
18.94	673.8702285159454	2.1625427115248184
18.96	675.2376279309731	2.162542868808305
18.98	676.6064043531577	2.1625430252961744
19.	677.9765577809801	2.162543180993251
19.02	679.3480882129368	2.162543335904332
19.04	680.7209956475405	2.1625434900342073
19.06	682.0952800832562	2.1625436433875502
19.080000000000002	683.4709415186353	2.162543795969126
19.1	684.8479799521563	2.162543947783541
19.12	686.2263953823523	2.1625440988354585
19.14	687.6061878077331	2.162544249129454
19.16	688.987357226821	2.162544398670088
19.18	690.369903638155	2.16254454746191
19.2	691.7538270402642	2.162544695509408
19.22	693.1391274316964	2.1625448428170677
19.240000000000002	694.5258048109869	2.1625449893893127
19.26	695.9138591766666	2.1625451352305354
19.28	697.3032905273261	2.1625452803451553
19.3	698.694098861494	2.1625454247374765
19.32	700.08628417774	2.162545568411829
19.34	701.4798464746221	2.1625457113724886
19.36	702.8747857507241	2.162545853623727
19.38	704.2711020046116	2.16254599516976
19.400000000000002	705.6687952348653	2.1625461360147775
19.42	707.0678654400772	2.162546276162965
19.44	708.4683126188143	2.1625464156184306
19.46	709.870136769693	2.162546554385317
19.48	711.2733378912937	2.1625466924676826
19.5	712.6779159822255	2.1625468298695867
19.52	714.0838710410832	2.162546966595048
19.540000000000003	715.4912030664881	2.1625471026480727
19.560000000000002	716.8999120570493	2.162547238032622
19.580000000000002	718.3099980114014	2.162547372752662
19.6	719.7214609281306	2.1625475068120608
19.62	721.1343008058822	2.1625476402147368
19.64	722.5485176433046	2.162547772964563
19.66	723.9641114390101	2.162547905065347
19.68	725.3810821916437	2.162548036520913
19.700000000000003	726.7994298998525	2.1625481673350344
19.720000000000002	728.219154562282	2.162548297511475
19.740000000000002	729.6402561775842	2.1625484270539648
19.76	731.062734744409	2.162548555966193
19.78	732.4865902614401	2.1625486842518837
19.8	733.9118227273082	2.1625488119146343
19.82	735.3384321407111	2.162548938958122
19.84	736.7664185003057	2.162549065385928
19.860000000000003	738.1957818047622	2.1625491912016255
19.880000000000003	739.6265220527749	2.1625493164087985
19.900000000000002	741.0586392430212	2.1625494410109525
19.92	742.4921333741938	2.162549565011612
19.94	743.9270044449768	2.162549688414258
19.96	745.3632524540736	2.162549811222346
19.98	746.8008774001954	2.162549933439334
20.	748.2398792820254	2.1625500550686176
20.02	749.6802580982855	2.162550176113587
20.040000000000003	751.1220138476893	2.162550296577629
20.060000000000002	752.5651465289404	2.1625504164640654
20.080000000000002	754.009656140778	2.1625505357762487
20.1	755.4555426818982	2.162550654517439
20.12	756.9028061510621	2.1625507726909636
20.14	758.3514465469879	2.1625508903000594
20.16	759.8014638683957	2.1625510073479424
20.18	761.2528581140446	2.162551123837852
20.200000000000003	762.7056292826761	2.1625512397729754
20.220000000000002	764.1597773730315	2.1625513551564777
20.240000000000002	765.6153023838574	2.162551469991512
20.26	767.0722043139197	2.1625515842812066
20.28	768.5304831619717	2.1625516980286763
20.3	769.9901389267659	2.162551811236984
20.32	771.4511716070897	2.1625519239092315
20.34	772.9135812017071	2.1625520360484525
20.360000000000003	774.3773677093827	2.1625521476576672
20.380000000000003	775.8425311288772	2.1625522587398605
20.4	777.3090714590179	2.1625523692980817
20.419999999999998	778.7769886985388	2.1625524793352175
20.439999999999998	780.2462828462681	2.162552588854288
20.459999999999997	781.7169539009759	2.162552697858175
20.479999999999997	783.1890018614596	2.1625528063497956
20.5	784.6624267265223	2.1625529143320557
20.52	786.1372284949615	2.162553021807802
20.54	787.6134071655944	2.162553128779904
20.56	789.0909627372284	2.162553235251197
20.58	790.5698952086651	2.162553341224472
20.599999999999998	792.0502045787294	2.1625534467025354
20.619999999999997	793.531890846232	2.162553551688166
20.639999999999997	795.01495401002	2.162553656184132
20.66	796.49939406891	2.162553760193177
20.68	797.9852110217183	2.162553863717995
20.7	799.4724048672966	2.162553966761319
20.72	800.9609756044746	2.1625540693258216
20.74	802.4509232321024	2.1625541714141865
20.759999999999998	803.9422477490101	2.162554273029052
20.779999999999998	805.4349491540618	2.162554374173061
20.799999999999997	806.9290274461057	2.1625544748488434
20.82	808.4244826239867	2.1625545750589725
20.84	809.9213146865766	2.1625546748060636
20.86	811.4195236327289	2.1625547740926603
20.88	812.9191094613044	2.1625548729213175
20.9	814.4200721711856	2.1625549712945857
20.919999999999998	815.9224117612455	2.1625550692149837
20.939999999999998	817.4261282303345	2.1625551666849843
20.959999999999997	818.9312215773662	2.162555263707114
20.979999999999997	820.4376918011925	2.162555360283801
21.	821.9455389007243	2.162555456417539
21.02	823.454762874819	2.1625555521107227
21.04	824.965363722398	2.162555647365815
21.06	826.477341442347	2.1625557421852157
21.08	827.9906960335604	2.1625558365712956
21.099999999999998	829.5054274949538	2.1625559305264566
21.119999999999997	831.0215358254165	2.1625560240530417
21.139999999999997	832.5390210238465	2.1625561171533914
21.16	834.0578830891901	2.162556209829867
21.18	835.5781220203329	2.1625563020847527
21.2	837.0997378162023	2.1625563939203696
21.22	838.6227304757122	2.162556485338983
21.24	840.1470999978012	2.1625565763428978
21.259999999999998	841.6728463813934	2.162556666934349
21.279999999999998	843.1999696254074	2.1625567571155817
21.299999999999997	844.7284697287789	2.1625568468888248
21.32	846.2583466904683	2.162556936256307
21.34	847.7896005093872	2.1625570252202215
21.36	849.3222311844896	2.162557113782747
21.38	850.8562387147158	2.1625572019460546
21.4	852.3916230990185	2.1625572897123146
21.419999999999998	853.9283843363669	2.1625573770836923
21.439999999999998	855.466522425684	2.162557464062278
21.46	857.0060373659534	2.1625575506502157
21.48	858.5469291561276	2.1625576368496082
21.5	860.0891977951619	2.162557722662541
21.52	861.6328432820432	2.162557808091109
21.54	863.17786561573	2.162557893137366
21.56	864.7242647951824	2.1625579778033486
21.58	866.2720408194181	2.1625580620911404
21.599999999999998	867.821193687375	2.1625581460027288
21.62	869.3717233980536	2.162558229540156
21.64	870.9236299504306	2.1625583127053987
21.66	872.4769133435091	2.1625583955004735
21.68	874.0315735762663	2.162558477927339
21.7	875.5876106477034	2.162558559987969
21.72	877.1450245568112	2.162558641684309
21.74	878.7038153025966	2.1625587230183068
21.759999999999998	880.2639828840528	2.162558803991887
21.78	881.8255273002014	2.1625588846069705
21.8	883.3884485500373	2.162558964865456
21.82	884.9527466325762	2.162559044769245
21.84	886.5184215468345	2.162559124320215
21.86	888.0854732918323	2.1625592035202406
21.88	889.6539018665741	2.1625592823711592
21.9	891.2237072700892	2.162559360874827
21.919999999999998	892.7948895014139	2.1625594390330947
21.939999999999998	894.3674485595767	2.162559516847779
21.96	895.9413844435888	2.1625595943206855
21.98	897.5166971525132	2.1625596714536184
22.	899.0933866853555	2.1625597482483685
22.02	900.6714530411709	2.1625598247067055
22.04	902.2508962190025	2.162559900830417
22.06	903.831716217892	2.162559976621244
22.08	905.4139130369033	2.162560052080964
22.099999999999998	906.9974866750509	2.1625601272112562
22.12	908.5824371314246	2.1625602020139048
22.14	910.1687644050525	2.162560276490584
22.16	911.7564684950227	2.1625603506430338
22.18	913.3455494003645	2.1625604244729093
22.2	914.9360071201662	2.1625604979819246
22.22	916.5278416534703	2.1625605711717255
22.24	918.1210529993738	2.162560644044007
22.259999999999998	919.7156411569312	2.1625607166004026
22.28	921.311606125227	2.162560788842566
22.3	922.9089479033296	2.162560860772123
22.32	924.5076664903196	2.162560932390694
22.34	926.1077618852762	2.1625610036998917
22.36	927.70923408731	2.162561074701347
22.38	929.3120830954721	2.16256114539661
22.4	930.9163089088748	2.1625612157873
22.42	932.5219115266003	2.1625612858749657
22.44	934.1288909477596	2.162561355661201
22.46	935.7372471714237	2.1625614251475334
22.48	937.3469801967243	2.1625614943355296
22.5	938.9580900227411	2.1625615632267174
22.52	940.5705766485983	2.162561631822637
22.54	942.1844400733823	2.1625617001247797
22.56	943.7996802962141	2.1625617681346783
22.580000000000002	945.4162973162187	2.1625618358538374
22.6	947.0342911324799	2.162561903283715
22.62	948.653661744172	2.1625619704258576
22.64	950.2744091503583	2.1625620372816696
22.66	951.8965333501707	2.1625621038526384
22.68	953.5200343427756	2.1625621701402564
22.7	955.1449121272591	2.162562236145927
22.72	956.7711667027758	2.1625623018711124
22.740000000000002	958.3987980684311	2.16256236731722
22.76	960.0278062233747	2.1625624324856796
22.78	961.6581911667796	2.16256249737795
22.8	963.2899528977323	2.1625625619953737
22.82	964.9230914153925	2.162562626339369
22.84	966.5576067189211	2.1625626904113324
22.86	968.1934988074414	2.1625627542126344
22.88	969.8307676801273	2.162562817744664
22.9	971.4694133361132	2.1625628810087614
22.92	973.1094357745542	2.162562944006289
22.94	974.750834994629	2.1625630067386172
22.96	976.3936109954668	2.1625630692070605
22.98	978.0377637762532	2.1625631314129605
23.	979.6832933361264	2.1625631933576264
23.02	981.330199674271	2.1625632550423948
23.04	982.9784827898495	2.162563316468561
23.06	984.6281426820527	2.1625633776374507
23.080000000000002	986.2791793500306	2.1625634385503325
23.1	987.9315927929596	2.1625634992084946
23.12	989.5853830100212	2.1625635596132162
23.14	991.240550000377	2.1625636197657516
23.16	992.8970937632588	2.162563679667413
23.18	994.5550142978204	2.1625637393194284
23.2	996.2143116032336	2.1625637987230295
23.22	997.8749856786991	2.1625638578794617
23.240000000000002	999.5370365234347	2.1625639167899964
23.26	1001.2004641365851	2.162563975455814
23.28	1002.8652685173961	2.16256403387817
23.3	1004.5314496650178	2.162564092058237
23.32	1006.1990075786832	2.162564149997258
23.34	1007.8679422576055	2.1625642076964406
23.36	1009.5382537009435	2.162564265156923
23.380000000000003	1011.2099419079284	2.162564322379922
23.400000000000002	1012.8830068777987	2.162564379366635
23.42	1014.5574486097062	2.1625644361181875
23.44	1016.2332671029136	2.162564492635792
23.46	1017.9104623566092	2.1625645489205643
23.48	1019.5890343700243	2.162564604973683
23.5	1021.2689831423695	2.162564660796281
23.52	1022.9503086728799	2.1625647163895105
23.540000000000003	1024.6330109607568	2.162564771754467
23.560000000000002	1026.3170900052419	2.1625648268923
23.580000000000002	1028.0025458055657	2.1625648818041365
23.6	1029.6893783609721	2.162564936491081
23.62	1031.3775876706463	2.1625649909542215
23.64	1033.0671737338753	2.1625650451946874
23.66	1034.7581365498538	2.1625650992135417
23.68	1036.4504761178387	2.1625651530118755
23.700000000000003	1038.1441924370845	2.1625652065907888
23.720000000000002	1039.8392855068248	2.1625652599513487
23.740000000000002	1041.5357553262959	2.1625653130946114
23.76	1043.2336018947306	2.1625653660216337
23.78	1044.9328252114176	2.162565418733499
23.8	1046.6334252756017	2.162565471231252
23.82	1048.3354020865002	2.1625655235159043
23.84	1050.038755643385	2.162565575588518
23.86	1051.7434859455334	2.1625656274501335
23.880000000000003	1053.4495929921898	2.162565679101766
23.900000000000002	1055.15707678262	2.162565730544444
23.92	1056.865937316054	2.1625657817791324
23.94	1058.5761745918162	2.1625658328069233
23.96	1060.2877886091244	2.1625658836287625
23.98	1062.00077936727	2.162565934245656
24.	1063.715146865509	2.1625659846585936
24.02	1065.430891103154	2.162566034868599
24.040000000000003	1067.1480120794283	2.162566084876601
24.060000000000002	1068.866509793647	2.162566134683607
24.080000000000002	1070.5863842450613	2.162566184290565
24.1	1072.3076354329569	2.1625662336984446
24.12	1074.0302633566575	2.1625662829082417
24.14	1075.754268015391	2.162566331920848
24.16	1077.4796494084765	2.162566380737262
24.18	1079.2064075351875	2.1625664293583897
24.200000000000003	1080.9345423948337	2.1625664777851945
24.220000000000002	1082.6640539866864	2.162566526018596
24.24	1084.3949423100491	2.1625665740595243
24.259999999999998	1086.1272073642158	2.1625666219089004
24.279999999999998	1087.8608491484838	2.162566669567629
24.299999999999997	1089.5958676621733	2.162566717036657
24.319999999999997	1091.332262904564	2.1625667643168565
24.34	1093.0700348749424	2.1625668114091217
24.36	1094.8091835726568	2.1625668583143884
24.38	1096.5497089969879	2.1625669050335206
24.4	1098.2916111472637	2.1625669515674186
24.419999999999998	1100.034890022752	2.1625669979169273
24.439999999999998	1101.779545622841	2.162567044082985
24.459999999999997	1103.5255779467334	2.1625670900663807
24.479999999999997	1105.2729869938835	2.16256713586809
24.5	1107.021772763507	2.162567181488883
24.52	1108.7719352549602	2.1625672269296494
24.54	1110.5234744675595	2.1625672721912417
24.56	1112.2763904006208	2.1625673172744992
24.58	1114.0306830534971	2.1625673621802863
24.599999999999998	1115.7863524254929	2.16256740690942
24.619999999999997	1117.5433985159275	2.1625674514627407
24.639999999999997	1119.3018213241787	2.162567495841094
24.66	1121.061620849525	2.1625675400452726
24.68	1122.8227970913297	2.1625675840761183
24.7	1124.5853500489188	2.162567627934443
24.72	1126.3492797216497	2.162567671621062
24.74	1128.1145861088335	2.162567715136771
24.759999999999998	1129.8812692098377	2.16256775848238
24.779999999999998	1131.6493290239678	2.162567801658673
24.799999999999997	1133.4187655506269	2.1625678446664787
24.819999999999997	1135.1895787891092	2.1625678875065484
24.84	1136.961768738779	2.1625679301796725
24.86	1138.7353353990259	2.162567972686678
24.88	1140.5102787691278	2.1625680150282625
24.9	1142.2865988484955	2.1625680572052612
24.919999999999998	1144.0642956364748	2.1625680992184266
24.939999999999998	1145.8433691323762	2.1625681410684803
24.959999999999997	1147.6238193356407	2.162568182756257
24.979999999999997	1149.4056462455476	2.1625682242824453
25.	1151.1888498615183	2.162568265647842
25.02	1152.9734301829008	2.1625683068531822
25.04	1154.7593872090367	2.162568347899197
25.06	1156.546720939303	2.1625683887866147
25.08	1158.3354313730856	2.1625684295162024
25.099999999999998	1160.125518509745	2.1625684700886767
25.119999999999997	1161.9169823486438	2.162568510504753
25.139999999999997	1163.709822889194	2.1625685507652013
25.16	1165.5040401307056	2.1625685908706687
25.18	1167.299634072615	2.1625686308219287
25.2	1169.0966047142638	2.162568670619662
25.22	1170.8949520550575	2.162568710264601
25.24	1172.694676094346	2.1625687497574146
25.259999999999998	1174.4957768315514	2.1625687890988425
25.279999999999998	1176.2982542660366	2.1625688282895634
25.3	1178.102108397186	2.162568867330261
25.32	1179.9073392243845	2.1625689062216327
25.34	1181.7139467470454	2.162568944964365
25.36	1183.5219309645206	2.1625689835591295
25.38	1185.3312918762483	2.162569022006625
25.4	1187.1420294816	2.162569060307515
25.419999999999998	1188.954143779965	2.162569098462462
25.439999999999998	1190.7676347707463	2.1625691364721376
25.46	1192.5825024533647	2.1625691743372237
25.48	1194.3987468272103	2.162569212058374
25.5	1196.2163678916481	2.1625692496362134
25.52	1198.0353656461411	2.1625692870714386
25.54	1199.855740090045	2.162569324364663
25.56	1201.6774912227825	2.1625693615165504
25.58	1203.5006190437614	2.1625693985277348
25.599999999999998	1205.325123552409	2.162569435398872
25.62	1207.1510047481374	2.1625694721306012
25.64	1208.9782626303274	2.1625695087235233
25.66	1210.8068971984446	2.1625695451783162
25.68	1212.6369084518226	2.16256958149553
25.7	1214.468296389957	2.1625696176758584
25.72	1216.301061012254	2.1625696537199146
25.74	1218.1352023180955	2.1625696896282776
25.759999999999998	1219.9707203069217	2.1625697254015654
25.779999999999998	1221.807614978159	2.1625697610404084
25.8	1223.6458863312696	2.1625697965454265
25.82	1225.4855343656102	2.162569831917172
25.84	1227.3265590806702	2.1625698671563
25.86	1229.168960475837	2.1625699022633746
25.88	1231.0127385505655	2.1625699372389984
25.9	1232.8578933042556	2.1625699720837432
25.919999999999998	1234.7044247363772	2.1625700067982243
25.939999999999998	1236.552332846359	2.1625700413830224
25.96	1238.401617633644	2.1625700758387167
25.98	1240.2522790976293	2.1625701101658596
26.	1242.1043172377995	2.1625701443650707
26.02	1243.9577320535532	2.1625701784368707
26.04	1245.8125235443824	2.1625702123818806
26.06	1247.6686917097168	2.162570246200656
26.08	1249.5262365489714	2.162570279893727
26.099999999999998	1251.385158061618	2.1625703134616754
26.12	1253.2454562471062	2.1625703469050688
26.14	1255.107131104878	2.1625703802244574
26.16	1256.970182634378	2.1625704134203825
26.18	1258.8346108350427	2.1625704464933735
26.2	1260.7004157063895	2.1625704794440352
26.22	1262.567597247796	2.162570512272847
26.240000000000002	1264.4361554587765	2.162570544980402
26.26	1266.3060903387684	2.162570577567217
26.28	1268.1774018872075	2.162570610033807
26.3	1270.050090103582	2.1625706423807207
26.32	1271.9241549873414	2.1625706746084927
26.34	1273.7995965379798	2.1625707067176663
26.36	1275.6764147548986	2.1625707387087116
26.38	1277.5546096376343	2.162570770582205
26.400000000000002	1279.4341811855927	2.1625708023386268
26.42	1281.3151293982876	2.162570833978521
26.44	1283.1974542751761	2.162570865502391
26.46	1285.0811558157025	2.1625708969107267
26.48	1286.9662340193765	2.162570928204073
26.5	1288.8526888856463	2.162570959382894
26.52	1290.7405204140375	2.1625709904477595
26.54	1292.6297286039432	2.1625710213990863
26.560000000000002	1294.520313454888	2.1625710522374115
26.580000000000002	1296.4122749663443	2.1625710829632303
26.6	1298.3056131378191	2.1625711135770462
26.62	1300.2003279687456	2.1625711440793274
26.64	1302.0964194586654	2.162571174470589
26.66	1303.993887607012	2.1625712047512904
26.68	1305.8927324132799	2.162571234921914
26.7	1307.7929538769783	2.162571264982958
26.72	1309.6945519975482	2.1625712949348626
26.740000000000002	1311.5975267745293	2.162571324778148
26.76	1313.5018782074103	2.1625713545132834
26.78	1315.4076062956624	2.162571384140713
26.8	1317.3147110387713	2.1625714136609147
26.82	1319.223192436248	2.162571443074353
26.84	1321.133050487583	2.162571472381496
26.86	1323.0442851922837	2.1625715015828146
26.88	1324.9568965498318	2.1625715306787447
26.900000000000002	1326.8708845597355	2.1625715596697574
26.92	1328.7862492214801	2.162571588556297
26.94	1330.7029905346205	2.162571617338848
26.96	1332.6211084986028	2.1625716460178195
26.98	1334.5406031129173	2.1625716745936434
27.	1336.4614743771403	2.162571703066834
27.02	1338.3837222907143	2.162571731437762
27.04	1340.3073468532118	2.1625717597069323
27.060000000000002	1342.2323480640598	2.1625717878747186
27.08	1344.1587259228509	2.1625718159416163
27.099999999999998	1346.086480429003	2.162571843907999
27.119999999999997	1348.015611582139	2.1625718717743596
27.139999999999997	1349.946119381695	2.162571899541096
27.159999999999997	1351.8780038272153	2.1625719272086226
27.18	1353.811264918224	2.162571954777402
27.2	1355.7459026541785	2.162571982247807
27.22	1357.6819170346857	2.1625720096203125
27.24	1359.6193080592225	2.1625720368953107
27.259999999999998	1361.5580757272924	2.1625720640731987
27.279999999999998	1363.4982200384295	2.162572091154412
27.299999999999997	1365.4397409922026	2.1625721181393898
27.319999999999997	1367.3826385880845	2.1625721450285065
27.34	1369.3269128256	2.162572171822169
27.36	1371.272563704302	2.162572198520806
27.38	1373.2195912237166	2.1625722251248143
27.4	1375.1679953833786	2.1625722516345993
27.419999999999998	1377.117776182753	2.1625722780505288
27.439999999999998	1379.0689336214505	2.16257230437304
27.459999999999997	1381.021467698994	2.1625723306025275
27.479999999999997	1382.9753784148838	2.16257235673937
27.5	1384.930665768687	2.1625723827839716
27.52	1386.8873297599125	2.1625724087367066
27.54	1388.8453703880994	2.162572434597974
27.56	1390.804787652831	2.1625724603681804
27.58	1392.7655815535613	2.1625724860476563
27.599999999999998	1394.7277520899215	2.1625725116368533
27.619999999999997	1396.6912992613861	2.1625725371360955
27.639999999999997	1398.656223067561	2.1625725625458143
27.659999999999997	1400.6225235079394	2.162572587866339
27.68	1402.5902005820512	2.162572613098049
27.7	1404.5592542895154	2.1625726382413597
27.72	1406.5296846298245	2.162572663296612
27.74	1408.5014916025475	2.162572688264186
27.759999999999998	1410.4746752072022	2.162572713144425
27.779999999999998	1412.4492354433746	2.162572737937721
27.799999999999997	1414.4251723106129	2.16257276264444
27.819999999999997	1416.4024858084601	2.1625727872649363
27.84	1418.3811759364726	2.1625728117995657
27.86	1420.361242694198	2.162572836248702
27.88	1422.342686081201	2.162572860612681
27.9	1424.3255060970414	2.1625728848918877
27.919999999999998	1426.3097027412814	2.162572909086656
27.939999999999998	1428.2952760134513	2.1625729331973345
27.959999999999997	1430.2822259131394	2.1625729572242824
27.979999999999997	1432.270552439911	2.162572981167858
28.	1434.2602555933106	2.1625730050284